Date,Open,High,Low,Close,Adj Close,Volume
2010-01-04,66.38999938964844,67.19999694824219,66.12000274658203,67.11000061035156,51.10365676879883,5771300
2010-01-05,66.98999786376953,67.62000274658203,66.7300033569336,67.30000305175781,51.24833297729492,7365300
2010-01-06,67.16999816894531,68.94000244140625,67.02999877929688,68.80000305175781,52.39056396484375,9950000
2010-01-07,68.48999786376953,69.80999755859375,68.20999908447266,69.51000213623047,52.931217193603516,7691900
2010-01-08,69.19000244140625,72.0,69.08999633789062,70.6500015258789,53.79933547973633,13487200
2010-01-11,71.30000305175781,71.55999755859375,69.37000274658203,70.6500015258789,53.79933547973633,10301600
2010-01-12,69.19999694824219,70.70999908447266,68.80000305175781,69.58999633789062,52.99214553833008,9407300
2010-01-13,69.70999908447266,71.08000183105469,68.22000122070312,70.8499984741211,53.951622009277344,8803900
2010-01-14,70.11000061035156,71.83000183105469,70.11000061035156,71.29000091552734,54.28665542602539,7211800
2010-01-15,71.22000122070312,71.97000122070312,70.13999938964844,70.83000183105469,53.936405181884766,12585500
2010-01-19,69.87000274658203,71.25,69.54000091552734,70.93000030517578,54.01252746582031,7363000
2010-01-20,69.7699966430664,70.1500015258789,67.9800033569336,69.08999633789062,52.61138153076172,10724500
2010-01-21,69.0199966430664,69.48999786376953,67.5199966430664,68.30999755859375,52.01742935180664,11573600
2010-01-22,67.38999938964844,68.37999725341797,64.91999816894531,65.23999786376953,49.67965316772461,14339800
2010-01-25,65.69000244140625,66.58000183105469,64.5,65.80999755859375,50.11370849609375,9890500
2010-01-26,65.25,67.75,64.7699966430664,65.75,50.068016052246094,9105700
2010-01-27,65.45999908447266,66.29000091552734,64.81999969482422,65.69999694824219,50.02994155883789,9693300
2010-01-28,66.12000274658203,66.75,64.2300033569336,64.62999725341797,49.21514892578125,8888400
2010-01-29,65.4000015258789,66.19000244140625,62.88999938964844,63.459999084472656,48.32420349121094,11921200
2010-02-01,64.30000305175781,65.19999694824219,63.93000030517578,64.79000091552734,49.33699417114258,8508100
2010-02-02,65.5,66.52999877929688,64.97000122070312,66.12000274658203,50.349761962890625,7972100
2010-02-03,65.72000122070312,66.87999725341797,65.56999969482422,65.98999786376953,50.25078201293945,6110700
2010-02-04,64.98999786376953,65.19000244140625,62.33000183105469,62.5,47.59316635131836,9732100
2010-02-05,62.61000061035156,63.16999816894531,60.2599983215332,62.060001373291016,47.25811004638672,11505100
2010-02-08,62.22999954223633,63.68000030517578,61.56999969482422,62.119998931884766,47.303794860839844,7956800
2010-02-09,63.130001068115234,64.98999786376953,63.0,63.7599983215332,48.55263900756836,9163500
2010-02-10,63.61000061035156,64.25,62.349998474121094,63.650001525878906,48.46889114379883,6904200
2010-02-11,63.560001373291016,64.9000015258789,62.54999923706055,64.76000213623047,49.31412887573242,7325000
2010-02-12,63.70000076293945,64.7300033569336,63.119998931884766,64.30000305175781,49.12314224243164,8400000
2010-02-16,65.33000183105469,65.75,64.56999969482422,65.6500015258789,50.15451431274414,6115900
2010-02-17,65.83000183105469,66.0,64.87999725341797,65.43000030517578,49.9864387512207,6430200
2010-02-18,65.87999725341797,66.33000183105469,65.08999633789062,65.80999755859375,50.27674102783203,7704400
2010-02-19,63.36000061035156,64.38999938964844,62.97999954223633,63.900001525878906,48.81755065917969,18088700
2010-02-22,60.09000015258789,61.939998626708984,59.75,61.56999969482422,47.03752517700195,87130600
2010-02-23,61.5,61.720001220703125,60.15999984741211,60.880001068115234,46.51036834716797,35857500
2010-02-24,61.130001068115234,61.5,60.36000061035156,60.90999984741211,46.53329086303711,22980900
2010-02-25,60.09000015258789,60.939998626708984,59.41999816894531,60.810001373291016,46.45689010620117,17558200
2010-02-26,61.130001068115234,61.400001525878906,60.52000045776367,61.099998474121094,46.678443908691406,15524000
2010-03-01,61.83000183105469,61.97999954223633,60.959999084472656,61.41999816894531,46.92292022705078,12843400
2010-03-02,61.59000015258789,62.880001068115234,61.0,62.810001373291016,47.98484802246094,17688300
2010-03-03,63.38999938964844,64.02999877929688,63.029998779296875,63.22999954223633,48.30571365356445,15293200
2010-03-04,63.2400016784668,63.72999954223633,62.27000045776367,62.880001068115234,48.03830337524414,12989200
2010-03-05,63.40999984741211,63.939998626708984,63.209999084472656,63.810001373291016,48.74879837036133,11023900
2010-03-08,63.83000183105469,64.6500015258789,63.779998779296875,64.4800033569336,49.26066970825195,12253000
2010-03-09,64.04000091552734,64.56999969482422,63.70000076293945,64.0999984741211,48.97034454345703,12032000
2010-03-10,64.01000213623047,64.5199966430664,63.22999954223633,64.19999694824219,49.046749114990234,11854600
2010-03-11,64.05999755859375,64.19000244140625,63.349998474121094,63.900001525878906,48.81755065917969,8021300
2010-03-12,64.16999816894531,64.66999816894531,63.79999923706055,64.54000091552734,49.30649948120117,8398200
2010-03-15,64.0999984741211,64.66999816894531,63.29999923706055,64.30999755859375,49.13078689575195,10054100
2010-03-16,64.80999755859375,65.66000366210938,64.16999816894531,65.5199966430664,50.0551872253418,9911800
2010-03-17,65.7699966430664,66.9800033569336,65.5,66.5999984741211,50.88027572631836,12425700
2010-03-18,66.5,66.7300033569336,64.80000305175781,65.25,49.84891128540039,12906100
2010-03-19,64.31999969482422,65.77999877929688,63.7400016784668,64.31999969482422,49.138423919677734,18665900
2010-03-22,62.70000076293945,64.30000305175781,62.040000915527344,63.4900016784668,48.504337310791016,15691300
2010-03-23,63.529998779296875,63.970001220703125,62.779998779296875,63.029998779296875,48.15290832519531,10663100
2010-03-24,62.40999984741211,63.310001373291016,62.0099983215332,62.209999084472656,47.526458740234375,11762400
2010-03-25,62.849998474121094,63.25,60.66999816894531,60.7599983215332,46.418697357177734,12399200
2010-03-26,61.119998931884766,61.9900016784668,61.099998474121094,61.66999816894531,47.113914489746094,11645300
2010-03-29,62.31999969482422,63.400001525878906,62.18000030517578,63.06999969482422,48.18345642089844,10952500
2010-03-30,63.29999923706055,63.83000183105469,62.77000045776367,63.04999923706055,48.16819381713867,10340600
2010-03-31,63.43000030517578,63.560001373291016,62.939998626708984,63.459999084472656,48.48141860961914,11957700
2010-04-01,64.23999786376953,64.87000274658203,63.970001220703125,64.56999969482422,49.32941436767578,11194100
2010-04-05,65.02999877929688,66.2300033569336,64.76000213623047,65.7699966430664,50.24618148803711,9733800
2010-04-06,65.88999938964844,67.0199966430664,65.80000305175781,66.79000091552734,51.02542495727539,10429500
2010-04-07,66.8499984741211,66.8499984741211,65.68000030517578,66.04000091552734,50.452449798583984,9757000
2010-04-08,65.4800033569336,66.79000091552734,65.04000091552734,66.62000274658203,50.895565032958984,8790900
2010-04-09,67.06999969482422,67.3499984741211,66.2300033569336,66.52999877929688,50.826786041259766,7648400
2010-04-12,66.19999694824219,66.83999633789062,66.1500015258789,66.30999755859375,50.65871810913086,5928200
2010-04-13,66.4000015258789,66.4000015258789,64.61000061035156,65.51000213623047,50.04754638671875,10312400
2010-04-14,66.0,67.41999816894531,65.7699966430664,67.0999984741211,51.26226806640625,9175700
2010-04-15,67.01000213623047,67.5,66.68000030517578,67.20999908447266,51.346290588378906,5998100
2010-04-16,66.45999908447266,67.16000366210938,64.86000061035156,65.80000305175781,50.26909637451172,11292900
2010-04-19,65.18000030517578,65.91999816894531,64.51000213623047,65.23999786376953,49.84127426147461,9762400
2010-04-20,66.4000015258789,68.0,66.19000244140625,67.8499984741211,51.83523178100586,11961900
2010-04-21,67.88999938964844,68.5,67.16999816894531,68.0199966430664,51.9650993347168,8688900
2010-04-22,67.26000213623047,68.41000366210938,66.77999877929688,68.18000030517578,52.08734893798828,11255300
2010-04-23,70.13999938964844,73.19000244140625,69.9000015258789,72.68000030517578,55.52518844604492,22082900
2010-04-26,72.5999984741211,73.16999816894531,72.25,72.69000244140625,55.5328254699707,10580700
2010-04-27,72.38999938964844,72.58999633789062,70.0,70.30999755859375,53.71458435058594,14671400
2010-04-28,70.7699966430664,71.13999938964844,69.12000274658203,71.01000213623047,54.24937438964844,10860300
2010-04-29,72.2699966430664,73.98999786376953,71.30000305175781,73.1500015258789,55.88425064086914,27991300
2010-04-30,73.33000183105469,73.80000305175781,70.52999877929688,71.41999816894531,54.56258773803711,24492000
2010-05-03,71.12000274658203,71.9800033569336,70.05999755859375,71.30999755859375,54.478546142578125,14228400
2010-05-04,69.55000305175781,70.55999755859375,68.51000213623047,68.94999694824219,52.67559814453125,14154100
2010-05-05,67.36000061035156,68.31999969482422,66.44000244140625,67.30000305175781,51.41505432128906,14303300
2010-05-06,67.12000274658203,68.11000061035156,61.0,65.3499984741211,49.92531204223633,18571600
2010-05-07,64.58999633789062,65.63999938964844,62.209999084472656,62.86000061035156,48.023033142089844,21513600
2010-05-10,65.5199966430664,67.0,65.5199966430664,66.83000183105469,51.05597686767578,19198700
2010-05-11,66.02999877929688,67.88999938964844,65.95999908447266,66.83999633789062,51.06362533569336,11655400
2010-05-12,67.30999755859375,67.6500015258789,65.61000061035156,66.6500015258789,50.9184684753418,11561700
2010-05-13,67.06999969482422,68.31999969482422,65.9800033569336,66.94000244140625,51.14002990722656,9807600
2010-05-14,66.54000091552734,66.68000030517578,64.0199966430664,64.87999725341797,49.56624221801758,12514100
2010-05-17,65.22000122070312,65.38999938964844,62.5,64.1500015258789,49.008544921875,12538500
2010-05-18,65.11000061035156,66.1500015258789,63.45000076293945,63.7400016784668,48.69533157348633,13130100
2010-05-19,63.45000076293945,64.41000366210938,61.63999938964844,62.59000015258789,47.81676483154297,15471800
2010-05-20,60.91999816894531,61.15999984741211,58.93000030517578,59.220001220703125,45.2421989440918,19423500
2010-05-21,57.790000915527344,60.66999816894531,57.54999923706055,60.5,46.220062255859375,21535400
2010-05-24,60.130001068115234,60.540000915527344,57.54999923706055,57.599998474121094,44.00456237792969,19525800
2010-05-25,56.04999923706055,58.59000015258789,55.65999984741211,58.459999084472656,44.66157150268555,20573000
2010-05-26,59.33000183105469,60.34000015258789,58.650001525878906,58.75,44.88311767578125,17318000
2010-05-27,60.58000183105469,61.08000183105469,58.599998474121094,60.02000045776367,45.853363037109375,20613000
2010-05-28,59.47999954223633,59.810001373291016,55.459999084472656,56.150001525878906,43.04742431640625,27777000
2010-06-01,54.45000076293945,54.45000076293945,51.66999816894531,51.75,39.674156188964844,35731200
2010-06-02,53.720001220703125,56.41999816894531,53.349998474121094,56.310001373291016,43.17008590698242,26839300
2010-06-03,57.33000183105469,57.529998779296875,54.45000076293945,56.630001068115234,43.4154167175293,25274400
2010-06-04,55.70000076293945,57.95000076293945,55.16999816894531,55.7400016784668,42.73310470581055,20070400
2010-06-07,55.869998931884766,56.599998474121094,54.11000061035156,54.22999954223633,41.575462341308594,14146300
2010-06-08,54.43000030517578,55.709999084472656,53.849998474121094,55.560001373291016,42.595096588134766,16140500
2010-06-09,56.349998474121094,57.939998626708984,55.209999084472656,55.470001220703125,42.526100158691406,13576100
2010-06-10,57.790000915527344,59.349998474121094,57.349998474121094,59.16999816894531,45.362701416015625,16931400
2010-06-11,58.439998626708984,59.709999084472656,58.220001220703125,59.47999954223633,45.60036849975586,10919100
2010-06-14,60.400001525878906,60.90999984741211,58.5099983215332,58.65999984741211,44.971717834472656,11821200
2010-06-15,59.709999084472656,61.060001373291016,59.150001525878906,60.869998931884766,46.66600799560547,9340600
2010-06-16,59.790000915527344,61.650001525878906,59.790000915527344,60.810001373291016,46.62001037597656,9602000
2010-06-17,61.36000061035156,61.59000015258789,60.560001373291016,61.36000061035156,47.04167556762695,9951400
2010-06-18,61.13999938964844,61.2400016784668,59.459999084472656,60.529998779296875,46.405357360839844,16572100
2010-06-21,61.63999938964844,61.88999938964844,59.810001373291016,60.33000183105469,46.252017974853516,10320700
2010-06-22,60.33000183105469,60.560001373291016,58.189998626708984,58.2599983215332,44.665061950683594,15054100
2010-06-23,58.22999954223633,58.7400016784668,57.439998626708984,58.33000183105469,44.71871566772461,8165300
2010-06-24,58.040000915527344,58.310001373291016,56.869998931884766,57.13999938964844,43.806400299072266,7830400
2010-06-25,57.36000061035156,58.5,56.650001525878906,58.220001220703125,44.63438415527344,24144300
2010-06-28,57.849998474121094,58.290000915527344,57.06999969482422,57.34000015258789,43.959739685058594,8834400
2010-06-29,56.119998931884766,56.58000183105469,54.849998474121094,55.08000183105469,42.22710418701172,12915500
2010-06-30,55.34000015258789,56.619998931884766,55.02000045776367,55.34000015258789,42.426429748535156,13046800
2010-07-01,55.290000915527344,55.79999923706055,53.61000061035156,55.2599983215332,42.36510467529297,14512400
2010-07-02,55.2599983215332,56.15999984741211,54.220001220703125,54.959999084472656,42.13510513305664,11996700
2010-07-06,56.150001525878906,56.72999954223633,54.70000076293945,55.540000915527344,42.57976150512695,10999000
2010-07-07,55.68000030517578,57.54999923706055,55.400001525878906,57.540000915527344,44.11307907104492,12151000
2010-07-08,58.36000061035156,58.540000915527344,57.02000045776367,58.540000915527344,44.879722595214844,9054900
2010-07-09,58.599998474121094,58.86000061035156,57.849998474121094,58.560001373291016,44.89506912231445,6312900
2010-07-12,58.41999816894531,58.959999084472656,57.599998474121094,58.25,44.65738296508789,7019600
2010-07-13,59.099998474121094,59.70000076293945,58.560001373291016,58.619998931884766,44.9410400390625,9267000
2010-07-14,58.400001525878906,59.52000045776367,57.93000030517578,58.88999938964844,45.14804458618164,7879700
2010-07-15,58.91999816894531,58.91999816894531,57.41999816894531,58.66999816894531,44.97938537597656,11485800
2010-07-16,58.5,58.5099983215332,56.599998474121094,56.68000030517578,43.453739166259766,17111800
2010-07-19,57.77000045776367,59.68000030517578,57.34000015258789,59.150001525878906,45.34737014770508,14266600
2010-07-20,58.4900016784668,61.33000183105469,58.02000045776367,61.040000915527344,46.79633331298828,13817800
2010-07-21,61.25,61.5,58.90999984741211,59.59000015258789,45.6847038269043,12534900
2010-07-22,60.5,61.869998931884766,60.27000045776367,61.29999923706055,46.99567413330078,12752300
2010-07-23,59.08000183105469,60.0,58.20000076293945,59.349998474121094,45.500694274902344,18903000
2010-07-26,59.650001525878906,59.650001525878906,57.84000015258789,58.849998474121094,45.11737823486328,9594800
2010-07-27,59.25,59.25,57.58000183105469,58.93000030517578,45.178714752197266,13798400
2010-07-28,58.91999816894531,60.06999969482422,58.61000061035156,59.72999954223633,45.79203796386719,10541400
2010-07-29,60.150001525878906,60.97999954223633,58.709999084472656,59.810001373291016,45.853363037109375,10262400
2010-07-30,58.90999984741211,60.0,58.720001220703125,59.65999984741211,45.73836898803711,8901600
2010-08-02,60.959999084472656,63.369998931884766,60.88999938964844,62.7400016784668,48.099647521972656,15300200
2010-08-03,61.84000015258789,63.369998931884766,61.84000015258789,62.86000061035156,48.19163131713867,11709800
2010-08-04,62.869998931884766,63.720001220703125,62.349998474121094,62.91999816894531,48.23764419555664,8673400
2010-08-05,62.630001068115234,63.279998779296875,61.939998626708984,63.2599983215332,48.49831771850586,5842000
2010-08-06,62.7599983215332,63.290000915527344,61.43000030517578,62.34000015258789,47.79298782348633,7151800
2010-08-09,62.84000015258789,63.189998626708984,62.439998626708984,62.75,48.107322692871094,4657700
2010-08-10,61.900001525878906,62.529998779296875,61.15999984741211,62.150001525878906,47.6473274230957,6889400
2010-08-11,60.97999954223633,61.08000183105469,59.630001068115234,60.060001373291016,46.04502868652344,9892000
2010-08-12,58.72999954223633,59.88999938964844,58.630001068115234,59.29999923706055,45.462364196777344,7802900
2010-08-13,59.0,59.84000015258789,58.720001220703125,58.7599983215332,45.048377990722656,5605500
2010-08-16,58.5099983215332,59.83000183105469,58.400001525878906,59.369998931884766,45.51605224609375,5973300
2010-08-17,60.0,60.9900016784668,59.63999938964844,60.310001373291016,46.2366828918457,5836800
2010-08-18,60.06999969482422,60.16999816894531,58.720001220703125,59.18000030517578,45.37036895751953,8503600
2010-08-19,59.04999923706055,59.150001525878906,57.369998931884766,57.81999969482422,44.327728271484375,8520200
2010-08-20,57.150001525878906,57.43000030517578,55.81999969482422,56.459999084472656,43.285091400146484,9342100
2010-08-23,55.630001068115234,56.72999954223633,55.5,55.81999969482422,42.79441833496094,10497100
2010-08-24,54.86000061035156,56.36000061035156,54.66999816894531,54.77000045776367,41.98945617675781,15218100
2010-08-25,54.709999084472656,54.91999816894531,53.95000076293945,54.689998626708984,41.92810821533203,9070900
2010-08-26,55.189998626708984,55.41999816894531,53.41999816894531,53.459999084472656,40.985130310058594,13380200
2010-08-27,53.91999816894531,55.939998626708984,53.439998626708984,55.7599983215332,42.74842834472656,12558600
2010-08-30,55.61000061035156,55.91999816894531,54.099998474121094,54.16999816894531,41.68644714355469,9392600
2010-08-31,53.90999984741211,54.0099983215332,52.90999984741211,53.33000183105469,41.040042877197266,13104300
2010-09-01,54.099998474121094,55.40999984741211,53.900001525878906,55.18000030517578,42.463687896728516,11269600
2010-09-02,55.529998779296875,56.470001220703125,55.08000183105469,56.41999816894531,43.41793441772461,8583300
2010-09-03,57.16999816894531,57.900001525878906,56.790000915527344,57.369998931884766,44.14901351928711,9442800
2010-09-07,57.43000030517578,57.5099983215332,56.61000061035156,57.130001068115234,43.96430587768555,9281700
2010-09-08,57.279998779296875,58.900001525878906,57.130001068115234,58.34000015258789,44.89546585083008,8950300
2010-09-09,59.150001525878906,59.380001068115234,58.36000061035156,58.529998779296875,45.04168701171875,7350100
2010-09-10,59.13999938964844,59.779998779296875,58.7400016784668,59.310001373291016,45.64193344116211,7791700
2010-09-13,59.93000030517578,60.45000076293945,59.720001220703125,60.150001525878906,46.288360595703125,7280700
2010-09-14,59.97999954223633,59.9900016784668,58.040000915527344,58.849998474121094,45.287940979003906,13382300
2010-09-15,58.52000045776367,59.43000030517578,57.279998779296875,58.189998626708984,44.78003692626953,15781100
2010-09-16,58.0,58.54999923706055,57.70000076293945,58.18000030517578,44.772335052490234,6871700
2010-09-17,58.66999816894531,58.869998931884766,58.09000015258789,58.099998474121094,44.71077346801758,9750100
2010-09-20,58.209999084472656,59.130001068115234,57.77000045776367,58.84000015258789,45.280242919921875,9372100
2010-09-21,58.849998474121094,59.810001373291016,58.65999984741211,59.290000915527344,45.62654113769531,8339000
2010-09-22,59.400001525878906,59.93000030517578,58.790000915527344,58.97999954223633,45.38797378540039,6702000
2010-09-23,58.11000061035156,58.84000015258789,57.79999923706055,58.11000061035156,44.718467712402344,8540000
2010-09-24,59.119998931884766,61.060001373291016,58.90999984741211,60.63999938964844,46.6654167175293,9836300
2010-09-27,61.029998779296875,61.06999969482422,59.66999816894531,59.86000061035156,46.06519317626953,7828500
2010-09-28,59.970001220703125,60.439998626708984,59.38999938964844,60.290000915527344,46.39608383178711,8281600
2010-09-29,60.369998931884766,62.16999816894531,60.11000061035156,61.52000045776367,47.34262466430664,9778600
2010-09-30,62.209999084472656,62.959999084472656,61.290000915527344,61.61000061035156,47.411895751953125,10171200
2010-10-01,62.369998931884766,62.849998474121094,61.79999923706055,62.43000030517578,48.04292678833008,8841500
2010-10-04,62.279998779296875,63.0,60.56999969482422,61.20000076293945,47.096378326416016,7277500
2010-10-05,62.13999938964844,63.20000076293945,61.869998931884766,62.959999084472656,48.450775146484375,9926500
2010-10-06,62.810001373291016,63.91999816894531,62.72999954223633,63.130001068115234,48.58160400390625,8339500
2010-10-07,63.68000030517578,63.68000030517578,62.41999816894531,62.9900016784668,48.473876953125,7831300
2010-10-08,62.7400016784668,63.790000915527344,61.599998474121094,63.560001373291016,48.91250991821289,8344400
2010-10-11,63.38999938964844,64.08999633789062,62.869998931884766,63.5,48.866336822509766,5621700
2010-10-12,63.15999984741211,63.22999954223633,61.970001220703125,62.65999984741211,48.21991729736328,12047900
2010-10-13,63.4900016784668,64.9800033569336,63.2599983215332,64.62000274658203,49.72822952270508,10551300
2010-10-14,64.7300033569336,64.9800033569336,63.70000076293945,64.26000213623047,49.45119857788086,8009000
2010-10-15,64.70999908447266,64.87999725341797,63.52000045776367,64.5,49.635887145996094,11585900
2010-10-18,63.900001525878906,65.66000366210938,63.529998779296875,64.51000213623047,49.643585205078125,8083000
2010-10-19,63.619998931884766,63.880001068115234,62.36000061035156,63.13999938964844,48.589298248291016,13664200
2010-10-20,63.439998626708984,64.75,63.11000061035156,64.29000091552734,49.474273681640625,8642700
2010-10-21,64.5,64.94999694824219,63.5,64.30999755859375,49.48967361450195,10354600
2010-10-22,66.06999969482422,68.19999694824219,66.01000213623047,67.7699966430664,52.15229415893555,14852800
2010-10-25,68.52999877929688,69.91000366210938,68.48999786376953,68.52999877929688,52.73716735839844,12847200
2010-10-26,68.44000244140625,69.58999633789062,68.20999908447266,69.11000061035156,53.18351364135742,9675000
2010-10-27,68.23999786376953,69.3499984741211,67.5999984741211,69.23999786376953,53.283546447753906,7859900
2010-10-28,69.58999633789062,69.9800033569336,68.54000091552734,69.77999877929688,53.69911193847656,14198400
2010-10-29,69.48999786376953,70.2300033569336,69.02999877929688,69.88999938964844,53.78376007080078,12555700
2010-11-01,70.44000244140625,70.45999908447266,69.54000091552734,70.16999816894531,53.99923324584961,12298100
2010-11-02,70.87000274658203,72.08000183105469,70.61000061035156,71.47000122070312,54.99964904785156,9437600
2010-11-03,71.69999694824219,72.20999908447266,70.94999694824219,72.20999908447266,55.56911087036133,9473200
2010-11-04,73.83999633789062,75.83999633789062,73.63999938964844,75.80000305175781,58.331787109375,14364800
2010-11-05,75.44999694824219,76.33000183105469,74.66000366210938,75.66000366210938,58.22404098510742,11414200
2010-11-08,75.38999938964844,75.66000366210938,74.23999786376953,74.83999633789062,57.593017578125,10578800
2010-11-09,75.0999984741211,76.30000305175781,73.5,73.91999816894531,56.88501739501953,11238400
2010-11-10,73.83000183105469,74.76000213623047,73.2300033569336,74.6500015258789,57.446807861328125,11753900
2010-11-11,73.98999786376953,75.13999938964844,73.5199966430664,75.0199966430664,57.731544494628906,9052300
2010-11-12,73.58999633789062,74.9000015258789,73.23999786376953,74.11000061035156,57.03124237060547,11112500
2010-11-15,74.30999755859375,74.77999877929688,73.80000305175781,74.30000305175781,57.17747116088867,8442000
2010-11-16,72.94999694824219,74.31999969482422,72.5,73.18000030517578,56.315555572509766,12451900
2010-11-17,72.73999786376953,74.7699966430664,72.58000183105469,74.4000015258789,57.25441360473633,9636900
2010-11-18,75.18000030517578,75.9800033569336,75.0,75.5,58.10092544555664,9381300
2010-11-19,75.48999786376953,76.47000122070312,74.27999877929688,76.43000030517578,58.816585540771484,7682000
2010-11-22,75.9000015258789,76.4000015258789,74.62999725341797,76.4000015258789,58.793514251708984,8319400
2010-11-23,75.41999816894531,75.4800033569336,73.83000183105469,75.44000244140625,58.054752349853516,9621500
2010-11-24,75.73999786376953,77.19999694824219,75.69999694824219,77.1500015258789,59.37068557739258,6859600
2010-11-26,76.12999725341797,77.3499984741211,75.9800033569336,75.9800033569336,58.47031021118164,2771200
2010-11-29,75.9000015258789,77.16000366210938,75.05999755859375,77.0,59.419464111328125,8594800
2010-11-30,75.44000244140625,77.79000091552734,74.7300033569336,77.33999633789062,59.68183898925781,11115700
2010-12-01,78.30000305175781,81.19999694824219,78.30000305175781,80.8499984741211,62.39043426513672,11990000
2010-12-02,80.55999755859375,81.12000274658203,80.27999877929688,80.73999786376953,62.30555725097656,7863000
2010-12-03,79.66999816894531,83.0,79.66999816894531,82.73999786376953,63.84893035888672,10792400
2010-12-06,82.73999786376953,83.20999908447266,81.30000305175781,82.86000061035156,63.941524505615234,6948200
2010-12-07,83.88999938964844,84.11000061035156,80.72000122070312,81.0,62.506195068359375,9649600
2010-12-08,81.18000030517578,81.83999633789062,80.30000305175781,80.9000015258789,62.429039001464844,7405100
2010-12-09,82.02999877929688,82.41999816894531,80.51000213623047,81.23999786376953,62.691402435302734,5713500
2010-12-10,81.0199966430664,81.83999633789062,80.91999816894531,81.54000091552734,62.92289352416992,5861900
2010-12-13,82.30999755859375,83.8499984741211,82.19999694824219,82.43000030517578,63.60968780517578,8058000
2010-12-14,82.43000030517578,82.58999633789062,81.01000213623047,81.33000183105469,62.76084899902344,7112600
2010-12-15,80.5999984741211,81.77999877929688,80.55000305175781,80.72000122070312,62.290138244628906,6427800
2010-12-16,80.58000183105469,81.18000030517578,79.70999908447266,81.12999725341797,62.60650634765625,6678700
2010-12-17,81.01000213623047,81.69000244140625,80.70999908447266,81.33999633789062,62.768558502197266,7632400
2010-12-20,81.54000091552734,82.4000015258789,81.38999938964844,82.18000030517578,63.41680145263672,5902200
2010-12-21,82.31999969482422,82.7300033569336,81.73999786376953,82.44000244140625,63.617435455322266,5391200
2010-12-22,82.77999877929688,83.16000366210938,82.2300033569336,82.80999755859375,63.902950286865234,4041700
2010-12-23,82.55000305175781,83.0,82.25,82.5199966430664,63.67915344238281,3738300
2010-12-27,81.8499984741211,82.63999938964844,81.69999694824219,82.41999816894531,63.60197830200195,2858000
2010-12-28,82.19000244140625,82.94000244140625,82.19000244140625,82.20999908447266,63.43992614746094,2753100
2010-12-29,82.2699966430664,84.0,82.2699966430664,83.62999725341797,64.53572082519531,4512500
2010-12-30,83.70999908447266,84.0,82.83000183105469,83.36000061035156,64.32734680175781,3297200
2010-12-31,83.31999969482422,83.81999969482422,83.0,83.5,64.43541717529297,3385000
2011-01-03,84.0,84.55000305175781,83.37000274658203,83.6500015258789,64.55116271972656,5429100
2011-01-04,83.80999755859375,84.2300033569336,80.6500015258789,81.62999725341797,62.992366790771484,8640400
2011-01-05,80.94000244140625,82.69999694824219,80.5999984741211,82.58999633789062,63.73314666748047,6215800
2011-01-06,82.5999984741211,82.68000030517578,79.73999786376953,80.52999877929688,62.14350891113281,8257200
2011-01-07,80.55999755859375,82.25,80.29000091552734,81.55999755859375,62.93834686279297,6604800
2011-01-10,80.93000030517578,81.47000122070312,80.16999816894531,80.68000030517578,62.25925064086914,6480600
2011-01-11,81.41000366210938,82.45999908447266,81.38999938964844,82.26000213623047,63.4785270690918,6606700
2011-01-12,82.93000030517578,84.48999786376953,82.87999725341797,84.44999694824219,65.1684799194336,6797800
2011-01-13,84.30000305175781,85.30000305175781,83.9000015258789,84.5999984741211,65.28425598144531,7352900
2011-01-14,84.58000183105469,86.95999908447266,84.11000061035156,86.91000366210938,67.06682586669922,8400900
2011-01-18,86.58999633789062,86.9000015258789,85.94000244140625,86.76000213623047,66.9510726928711,7381700
2011-01-19,87.08000183105469,87.69999694824219,85.77999877929688,86.26000213623047,66.56523895263672,11819700
2011-01-20,84.58999633789062,85.33000183105469,82.44000244140625,85.27999877929688,65.80899047851562,11931900
2011-01-21,87.4000015258789,87.55999755859375,82.83999633789062,83.4800033569336,64.41996765136719,19141800
2011-01-24,84.0,84.76000213623047,82.0,84.25,65.01416778564453,9926200
2011-01-25,84.26000213623047,84.54000091552734,82.2300033569336,83.25,64.24248504638672,9155200
2011-01-26,83.98999786376953,87.75,83.83000183105469,87.44999694824219,67.48355102539062,10597600
2011-01-27,87.3499984741211,87.87000274658203,85.51000213623047,85.9800033569336,66.34918212890625,9216100
2011-01-28,87.4000015258789,87.48999786376953,85.70999908447266,86.66999816894531,66.88163757324219,8792000
2011-01-31,86.41000366210938,89.0,86.11000061035156,88.98999786376953,68.67192077636719,8150600
2011-02-01,89.4800033569336,90.41999816894531,88.9000015258789,89.63999938964844,69.17353820800781,10033100
2011-02-02,89.44000244140625,89.80999755859375,88.43000030517578,89.08000183105469,68.74139404296875,5519300
2011-02-03,89.4000015258789,89.54000091552734,87.72000122070312,89.43000030517578,69.01146697998047,5515400
2011-02-04,89.58999633789062,89.97000122070312,88.16000366210938,89.33000183105469,68.934326171875,6035400
2011-02-07,89.62000274658203,91.23999786376953,89.0999984741211,89.83000183105469,69.32012939453125,6746200
2011-02-08,89.37000274658203,89.69000244140625,87.5999984741211,89.05999755859375,68.72594451904297,6173300
2011-02-09,88.38999938964844,89.63999938964844,87.25,88.48999786376953,68.28610229492188,6166100
2011-02-10,88.58999633789062,90.69999694824219,88.30000305175781,90.62999725341797,69.93748474121094,6874100
2011-02-11,89.98999786376953,91.61000061035156,89.6500015258789,90.37000274658203,69.73685455322266,5893400
2011-02-14,90.20999908447266,92.33999633789062,90.20999908447266,92.23999786376953,71.37735748291016,5718600
2011-02-15,92.08999633789062,92.66000366210938,91.1500015258789,92.33999633789062,71.45475006103516,7363000
2011-02-16,92.36000061035156,94.5,91.77999877929688,94.01000213623047,72.74702453613281,8895100
2011-02-17,92.45999908447266,94.91999816894531,92.45999908447266,94.37000274658203,73.02559661865234,6732700
2011-02-18,94.75,95.1500015258789,93.6500015258789,95.04000091552734,73.54405212402344,8260700
2011-02-22,95.0,95.63999938964844,91.41000366210938,92.91000366210938,71.89582061767578,13636900
2011-02-23,92.19999694824219,94.61000061035156,92.02999877929688,92.9000015258789,71.88809967041016,10386900
2011-02-24,91.8499984741211,92.61000061035156,89.5199966430664,89.6500015258789,69.37315368652344,11831400
2011-02-25,90.62999725341797,92.9800033569336,90.25,92.8499984741211,71.84939575195312,8013200
2011-02-28,93.12999725341797,93.61000061035156,91.81999969482422,93.41999816894531,72.29045867919922,8325600
2011-03-01,94.48999786376953,95.0,91.4000015258789,91.5,70.80475616455078,9201700
2011-03-02,90.86000061035156,91.43000030517578,89.5199966430664,90.98999786376953,70.41006469726562,9360200
2011-03-03,92.3499984741211,93.01000213623047,91.52999877929688,92.8499984741211,71.84939575195312,7650200
2011-03-04,92.63999938964844,92.9800033569336,90.44999694824219,91.4000015258789,70.72734832763672,6040500
2011-03-07,91.77999877929688,92.33000183105469,89.91999816894531,90.25,69.83745574951172,6867200
2011-03-08,91.30000305175781,91.36000061035156,89.52999877929688,89.8499984741211,69.52790832519531,5960800
2011-03-09,89.43000030517578,89.9800033569336,88.02999877929688,88.55000305175781,68.52194213867188,7590600
2011-03-10,86.62000274658203,86.9000015258789,84.38999938964844,84.61000061035156,65.47309112548828,13749600
2011-03-11,83.66999816894531,86.87999725341797,83.6500015258789,86.23999786376953,66.73445129394531,8581000
2011-03-14,85.37000274658203,85.80999755859375,83.63999938964844,85.36000061035156,66.0534439086914,11384400
2011-03-15,82.1500015258789,85.48999786376953,82.06999969482422,84.80000305175781,65.62012481689453,8797200
2011-03-16,84.06999969482422,84.86000061035156,81.93000030517578,83.0999984741211,64.30463409423828,13268400
2011-03-17,84.80999755859375,87.5,84.12000274658203,87.05000305175781,67.36123657226562,11245500
2011-03-18,87.76000213623047,88.1500015258789,85.31999969482422,85.93000030517578,66.4945297241211,11632900
2011-03-21,87.13999938964844,89.73999786376953,87.13999938964844,89.7300033569336,69.43505859375,8190700
2011-03-22,89.31999969482422,89.7300033569336,88.2699966430664,88.7699966430664,68.69219970703125,6441200
2011-03-23,88.72000122070312,89.0199966430664,87.62999725341797,88.5,68.48326110839844,4816900
2011-03-24,88.86000061035156,88.98999786376953,86.70999908447266,88.0999984741211,68.17372131347656,6523300
2011-03-25,87.7300033569336,87.91999816894531,86.37999725341797,86.88999938964844,67.23739624023438,10845300
2011-03-28,86.5199966430664,91.3499984741211,86.2699966430664,90.43000030517578,69.97674560546875,15765500
2011-03-29,90.75,94.69000244140625,90.16000366210938,94.36000061035156,73.01786041259766,13461600
2011-03-30,94.83000183105469,94.83000183105469,92.5199966430664,93.6500015258789,72.46846771240234,8207800
2011-03-31,94.26000213623047,95.29000091552734,93.1500015258789,93.26000213623047,72.16667175292969,7492400
2011-04-01,94.0999984741211,95.0,93.22000122070312,93.69999694824219,72.50714874267578,5993200
2011-04-04,94.33000183105469,94.86000061035156,92.63999938964844,92.7699966430664,71.7874984741211,6643100
2011-04-05,92.58999633789062,94.18000030517578,92.38999938964844,92.87000274658203,71.86486053466797,7527900
2011-04-06,93.61000061035156,93.9000015258789,90.88999938964844,91.94000244140625,71.14521789550781,7262400
2011-04-07,92.13999938964844,92.4000015258789,90.70999908447266,91.62000274658203,70.89762115478516,6255200
2011-04-08,92.69999694824219,92.76000213623047,90.41000366210938,90.8499984741211,70.3017349243164,7803400
2011-04-11,90.9800033569336,91.87999725341797,88.4000015258789,88.80000305175781,68.71541595458984,8314700
2011-04-12,87.79000091552734,88.18000030517578,85.55000305175781,86.23999786376953,66.73445129394531,10670700
2011-04-13,86.86000061035156,87.27999877929688,85.6500015258789,85.79000091552734,66.38621520996094,7479400
2011-04-14,85.13999938964844,86.3499984741211,84.72000122070312,86.0199966430664,66.5641860961914,6720200
2011-04-15,86.69999694824219,87.18000030517578,85.19000244140625,86.66000366210938,67.05944061279297,8173300
2011-04-18,85.11000061035156,85.4000015258789,83.5999984741211,84.75,65.58143615722656,9273900
2011-04-19,84.63999938964844,86.25,84.45999908447266,86.12999725341797,66.64927673339844,8700100
2011-04-20,87.62000274658203,88.08000183105469,87.0999984741211,87.88999938964844,68.01123046875,8503200
2011-04-21,89.41000366210938,91.16000366210938,88.97000122070312,89.77999877929688,69.4737319946289,10957100
2011-04-25,89.55999755859375,89.77999877929688,87.5999984741211,88.05000305175781,68.13504791259766,5486000
2011-04-26,88.19000244140625,89.73999786376953,88.0199966430664,89.47000122070312,69.23389434814453,5999300
2011-04-27,89.83999633789062,90.12999725341797,87.33000183105469,89.37999725341797,69.16423034667969,7656300
2011-04-28,88.0999984741211,89.73999786376953,87.95999908447266,89.11000061035156,68.95527648925781,4793000
2011-04-29,88.80999755859375,90.0,87.94999694824219,89.75,69.45053100585938,6900000
2011-05-02,89.94000244140625,90.91999816894531,86.9000015258789,87.79000091552734,67.93385314941406,8564400
2011-05-03,87.20999908447266,87.93000030517578,85.19000244140625,85.8499984741211,66.43262481689453,8361200
2011-05-04,85.88999938964844,85.88999938964844,83.80999755859375,84.79000091552734,65.61239624023438,8643300
2011-05-05,83.01000213623047,85.4000015258789,81.73999786376953,82.83999633789062,64.10343170166016,13356100
2011-05-06,84.08999633789062,85.12999725341797,81.95999908447266,82.66000366210938,63.964141845703125,10724200
2011-05-09,83.4000015258789,84.02999877929688,82.66999816894531,83.58999633789062,64.68379211425781,8670500
2011-05-10,84.02999877929688,85.23999786376953,83.4800033569336,84.48999786376953,65.3802490234375,7293700
2011-05-11,84.2699966430664,84.2699966430664,80.83000183105469,82.25,63.64685821533203,12673300
2011-05-12,82.19000244140625,84.06999969482422,81.33000183105469,83.5199966430664,64.62964630126953,13427300
2011-05-13,83.68000030517578,84.25,81.72000122070312,82.70999908447266,64.0028305053711,10234500
2011-05-16,82.19999694824219,83.66000366210938,81.8499984741211,82.19000244140625,63.60045623779297,9597500
2011-05-17,81.41000366210938,82.66000366210938,80.8499984741211,82.05999755859375,63.4998664855957,11787500
2011-05-18,82.48999786376953,84.41000366210938,82.25,83.75,64.80760955810547,8621700
2011-05-19,84.1500015258789,84.5999984741211,82.8499984741211,83.58000183105469,64.67607879638672,7768000
2011-05-20,83.33000183105469,84.31999969482422,82.30000305175781,83.5,64.61416625976562,8242200
2011-05-23,81.86000061035156,82.41999816894531,81.37999725341797,82.08000183105469,63.51533126831055,6315800
2011-05-24,82.81999969482422,84.5199966430664,82.81999969482422,83.27999877929688,64.44392395019531,9057800
2011-05-25,82.77999877929688,84.7699966430664,82.77999877929688,84.08999633789062,65.07070922851562,10897200
2011-05-26,84.0,85.43000030517578,83.8499984741211,85.19000244140625,65.92191314697266,6455100
2011-05-27,85.48999786376953,86.4800033569336,84.55999755859375,84.70999908447266,65.74342346191406,6360900
2011-05-31,86.06999969482422,86.33999633789062,84.83999633789062,85.72000122070312,66.52727508544922,7380300
2011-06-01,85.7300033569336,86.13999938964844,82.86000061035156,83.19000244140625,64.56375122070312,8074900
2011-06-02,83.30999755859375,84.75,82.9000015258789,84.29000091552734,65.4174575805664,8082900
2011-06-03,82.87000274658203,86.1500015258789,82.66999816894531,85.04000091552734,65.9995346069336,8344200
2011-06-06,85.22000122070312,85.4800033569336,82.80999755859375,83.05999755859375,64.46285247802734,7455400
2011-06-07,84.20999908447266,84.58999633789062,82.83999633789062,82.87999725341797,64.32315826416016,5975300
2011-06-08,82.9000015258789,84.58999633789062,82.88999938964844,83.7300033569336,64.98282623291016,7472100
2011-06-09,84.18000030517578,86.5199966430664,84.11000061035156,85.83999633789062,66.62039184570312,8700500
2011-06-10,85.19999694824219,85.5199966430664,83.56999969482422,83.66000366210938,64.92852783203125,7328400
2011-06-13,83.7699966430664,84.48999786376953,81.66000366210938,82.69999694824219,64.1834487915039,7053100
2011-06-14,84.25,85.1500015258789,83.94999694824219,84.5,65.58042907714844,7476300
2011-06-15,83.54000091552734,85.23999786376953,82.04000091552734,82.66000366210938,64.15239715576172,8695300
2011-06-16,82.76000213623047,83.41000366210938,81.4000015258789,82.25,63.83420944213867,8468400
2011-06-17,82.94000244140625,82.94000244140625,81.33000183105469,81.79000091552734,63.47718811035156,7916800
2011-06-20,81.37000274658203,82.7300033569336,80.91000366210938,82.12999725341797,63.741058349609375,6434600
2011-06-21,82.4800033569336,84.18000030517578,82.37999725341797,83.5,64.80433654785156,6475900
2011-06-22,83.08999633789062,84.79000091552734,82.88999938964844,83.58000183105469,64.86641693115234,6003000
2011-06-23,81.04000091552734,83.20999908447266,80.25,83.06999969482422,64.47061157226562,10391400
2011-06-24,83.12000274658203,83.19999694824219,80.63999938964844,80.91999816894531,62.801998138427734,9958000
2011-06-27,80.30999755859375,81.2699966430664,79.55000305175781,80.63999938964844,62.58469772338867,8411700
2011-06-28,81.4800033569336,84.61000061035156,81.36000061035156,84.3499984741211,65.46401977539062,11133500
2011-06-29,84.81999969482422,86.4000015258789,84.0,85.20999908447266,66.1314697265625,9570300
2011-06-30,85.5,86.79000091552734,85.5,86.4000015258789,67.05501556396484,8670400
2011-07-01,85.88999938964844,87.73999786376953,85.25,87.5999984741211,67.9863510131836,7299600
2011-07-05,87.37000274658203,88.7300033569336,87.1500015258789,88.3499984741211,68.56842041015625,6140700
2011-07-06,88.5,89.2699966430664,87.8499984741211,89.11000061035156,69.15824127197266,6884100
2011-07-07,89.98999786376953,90.88999938964844,89.30000305175781,90.4000015258789,70.15941619873047,8340400
2011-07-08,88.37999725341797,90.29000091552734,88.22000122070312,89.95999908447266,69.81794738769531,6410600
2011-07-11,88.13999938964844,88.9000015258789,87.45999908447266,88.06999969482422,68.35110473632812,6201900
2011-07-12,87.38999938964844,87.97000122070312,86.68000030517578,86.83999633789062,67.39649963378906,8460000
2011-07-13,86.73999786376953,88.6500015258789,86.54000091552734,87.0,67.52066040039062,7116900
2011-07-14,87.2300033569336,87.62999725341797,85.76000213623047,85.91999816894531,66.6824722290039,6905000
2011-07-15,86.63999938964844,88.19999694824219,86.47000122070312,87.98999786376953,68.28900909423828,8109800
2011-07-18,88.04000091552734,88.04000091552734,86.69999694824219,87.20999908447266,67.68365478515625,7884600
2011-07-19,88.13999938964844,88.98999786376953,87.66000366210938,88.69999694824219,68.84004974365234,6959500
2011-07-20,89.55000305175781,89.55000305175781,88.11000061035156,88.41000366210938,68.614990234375,6259200
2011-07-21,88.9800033569336,91.0199966430664,88.97000122070312,90.95999908447266,70.59402465820312,11176300
2011-07-22,93.16999816894531,94.44000244140625,92.25,93.80999755859375,72.80592346191406,15458500
2011-07-25,92.75,95.52999877929688,92.70999908447266,94.69999694824219,73.49662017822266,10266700
2011-07-26,94.54000091552734,94.95999908447266,93.66000366210938,93.93000030517578,72.89903259277344,8456400
2011-07-27,93.12000274658203,93.79000091552734,91.3499984741211,91.68000030517578,71.15283203125,8745000
2011-07-28,91.5199966430664,92.7300033569336,91.36000061035156,91.4000015258789,70.93550109863281,6977200
2011-07-29,90.04000091552734,91.54000091552734,89.80000305175781,90.37000274658203,70.13614654541016,9173600
2011-08-01,91.86000061035156,92.22000122070312,89.19000244140625,90.20999908447266,70.01197052001953,8591900
2011-08-02,89.20999908447266,90.9000015258789,87.52999877929688,87.62000274658203,68.00186157226562,10362700
2011-08-03,87.5,87.66000366210938,84.31999969482422,87.19000244140625,67.66815948486328,11528200
2011-08-04,85.27999877929688,85.54000091552734,80.61000061035156,80.79000091552734,62.70110321044922,19612600
2011-08-05,82.5,82.8499984741211,77.23999786376953,80.87999725341797,62.77091598510742,18744400
2011-08-08,77.2699966430664,79.33999633789062,73.11000061035156,73.66999816894531,57.175270080566406,20292300
2011-08-09,75.55999755859375,77.77999877929688,72.81999969482422,77.62999725341797,60.248600006103516,22079400
2011-08-10,77.5999984741211,78.0,73.4800033569336,73.80999755859375,57.28392028808594,18124000
2011-08-11,74.91000366210938,78.80000305175781,72.80000305175781,77.52999877929688,60.170997619628906,17316300
2011-08-12,78.80999755859375,79.08000183105469,77.01000213623047,77.98999786376953,60.52802658081055,8806700
2011-08-15,78.91000366210938,80.63999938964844,78.87999725341797,80.06999969482422,62.14231491088867,9052400
2011-08-16,79.08999633789062,80.26000213623047,77.69000244140625,78.62999725341797,61.024715423583984,9372400
2011-08-17,80.19000244140625,81.33000183105469,78.9000015258789,79.5199966430664,61.71543884277344,9077100
2011-08-18,76.5,77.2699966430664,73.45999908447266,74.41000366210938,57.74959182739258,14628500
2011-08-19,73.0,75.66000366210938,72.36000061035156,73.12000274658203,56.74842071533203,13280700
2011-08-22,75.37999725341797,75.48999786376953,72.26000213623047,72.48999786376953,56.25945281982422,8761400
2011-08-23,72.95999908447266,76.16999816894531,72.12999725341797,76.12999725341797,59.084476470947266,8675000
2011-08-24,75.80000305175781,76.4000015258789,74.3499984741211,76.2300033569336,59.16208267211914,8635200
2011-08-25,76.69999694824219,77.2300033569336,72.7699966430664,73.11000061035156,56.74065399169922,11468400
2011-08-26,73.05000305175781,75.41000366210938,72.0999984741211,74.83999633789062,58.08330154418945,12202500
2011-08-29,76.41000366210938,77.37000274658203,75.54000091552734,77.25,59.95369338989258,7015200
2011-08-30,76.79000091552734,78.0199966430664,75.69000244140625,77.33000183105469,60.21064376831055,10297600
2011-08-31,77.91000366210938,79.29000091552734,77.44000244140625,78.12000274658203,60.82573318481445,11718800
2011-09-01,78.19000244140625,79.54000091552734,76.41999816894531,76.5,59.56438446044922,11194400
2011-09-02,74.51000213623047,75.3499984741211,73.37000274658203,74.41999816894531,57.944862365722656,8994800
2011-09-06,71.94999694824219,74.5,71.3499984741211,74.31999969482422,57.86699295043945,10659700
2011-09-07,75.6500015258789,76.88999938964844,75.4000015258789,76.79000091552734,59.790199279785156,7942100
2011-09-08,75.3499984741211,76.73999786376953,75.12999725341797,75.47000122070312,58.762420654296875,10678300
2011-09-09,73.87000274658203,74.12000274658203,71.33000183105469,71.80000305175781,55.90488815307617,13356900
2011-09-12,70.79000091552734,72.41000366210938,69.94000244140625,72.37999725341797,56.356468200683594,11095200
2011-09-13,72.20999908447266,72.79000091552734,70.62000274658203,72.12999725341797,56.16181182861328,8844600
2011-09-14,72.69999694824219,73.88999938964844,70.33999633789062,72.93000030517578,56.78472137451172,10924600
2011-09-15,74.30999755859375,74.58999633789062,72.83999633789062,74.22000122070312,57.78913879394531,8775500
2011-09-16,74.94999694824219,75.25,72.16000366210938,72.83999633789062,56.714637756347656,11825500
2011-09-19,70.4000015258789,71.29000091552734,69.25,70.76000213623047,55.095115661621094,12894800
2011-09-20,71.36000061035156,71.44999694824219,69.27999877929688,69.29000091552734,53.95055389404297,13277500
2011-09-21,69.37999725341797,69.44999694824219,65.12000274658203,65.1500015258789,50.72705841064453,18360900
2011-09-22,62.540000915527344,63.20000076293945,59.880001068115234,61.220001220703125,47.66709518432617,24607300
2011-09-23,60.54999923706055,62.220001220703125,60.22999954223633,61.20000076293945,47.65152359008789,16739000
2011-09-26,61.77000045776367,63.38999938964844,58.77000045776367,63.27000045776367,49.263267517089844,19665100
2011-09-27,64.8499984741211,66.18000030517578,62.77000045776367,63.41999816894531,49.38005828857422,16527500
2011-09-28,63.59000015258789,63.95000076293945,60.099998474121094,60.33000183105469,46.974117279052734,12653300
2011-09-29,62.189998626708984,62.68000030517578,60.029998779296875,61.33000183105469,47.752742767333984,12355700
2011-09-30,60.0,61.25,59.380001068115234,59.72999954223633,46.50695037841797,14907900
2011-10-03,58.900001525878906,59.95000076293945,57.720001220703125,57.720001220703125,44.941917419433594,15979500
2011-10-04,56.119998931884766,59.31999969482422,54.790000915527344,59.11000061035156,46.02420425415039,20200000
2011-10-05,59.27000045776367,62.099998474121094,58.25,61.58000183105469,47.94739532470703,15234300
2011-10-06,62.5099983215332,64.25,61.02000045776367,63.88999938964844,49.745994567871094,14736600
2011-10-07,63.95000076293945,64.08000183105469,61.91999816894531,62.63999938964844,48.772727966308594,12001000
2011-10-10,64.61000061035156,66.08000183105469,64.61000061035156,65.79000091552734,51.22538375854492,10357300
2011-10-11,65.45999908447266,68.04000091552734,65.25,66.81999969482422,52.02737045288086,14478800
2011-10-12,67.36000061035156,68.62000274658203,66.81999969482422,67.30999755859375,52.408870697021484,12050200
2011-10-13,67.0,67.58000183105469,65.73999786376953,67.19999694824219,52.32322311401367,10978500
2011-10-14,68.63999938964844,70.98999786376953,68.52999877929688,70.94000244140625,55.23526382446289,11507200
2011-10-17,69.73999786376953,69.93000030517578,67.16999816894531,67.5199966430664,52.5723876953125,12283400
2011-10-18,67.54000091552734,70.4000015258789,66.5999984741211,69.91000366210938,54.433284759521484,10030100
2011-10-19,69.83000183105469,70.93000030517578,67.7300033569336,67.9000015258789,52.86825942993164,10644500
2011-10-20,68.0,68.80999755859375,66.5,67.98999786376953,52.93834686279297,13141800
2011-10-21,68.63999938964844,69.27999877929688,66.5199966430664,67.37999725341797,52.46337890625,21586000
2011-10-24,67.77999877929688,69.94999694824219,67.4000015258789,69.87999725341797,54.40993118286133,11199000
2011-10-25,70.31999969482422,70.5199966430664,67.77999877929688,68.02999877929688,52.969486236572266,11877600
2011-10-26,69.33999633789062,70.33999633789062,67.30999755859375,69.83999633789062,54.378787994384766,11804900
2011-10-27,72.76000213623047,76.55999755859375,72.76000213623047,75.7699966430664,58.996002197265625,18198200
2011-10-28,74.94999694824219,76.93000030517578,74.63999938964844,75.95999908447266,59.143959045410156,10836500
2011-10-31,74.98999786376953,75.48999786376953,73.11000061035156,73.47000122070312,57.2051887512207,10499400
2011-11-01,69.80999755859375,72.43000030517578,69.0,71.12999725341797,55.38319778442383,15945300
2011-11-02,72.88999938964844,72.9800033569336,71.4000015258789,72.73999786376953,56.63677215576172,8187400
2011-11-03,73.80999755859375,76.19999694824219,73.12999725341797,75.93000030517578,59.120574951171875,11993400
2011-11-04,74.75,76.7300033569336,73.91999816894531,74.97000122070312,58.37311553955078,10631700
2011-11-07,75.0199966430664,76.47000122070312,73.97000122070312,75.33000183105469,58.65340805053711,6755300
2011-11-08,75.94000244140625,77.05000305175781,74.72000122070312,76.83000183105469,59.821346282958984,8863600
2011-11-09,74.4000015258789,74.69000244140625,72.86000061035156,73.08999633789062,56.9093017578125,12582300
2011-11-10,74.33999633789062,74.87999725341797,72.81999969482422,74.05000305175781,57.65678024291992,7601100
2011-11-11,75.22000122070312,77.1500015258789,74.37000274658203,76.54000091552734,59.59553909301758,8356900
2011-11-14,75.51000213623047,76.62999725341797,75.0,75.62000274658203,58.879234313964844,5961600
2011-11-15,75.30000305175781,76.62999725341797,74.51000213623047,75.97000122070312,59.151729583740234,7884700
2011-11-16,75.3499984741211,76.87000274658203,74.69000244140625,74.7699966430664,58.21739196777344,13264800
2011-11-17,74.68000030517578,74.97000122070312,70.88999938964844,71.70999908447266,55.83481216430664,12043200
2011-11-18,72.76000213623047,72.76000213623047,70.16000366210938,71.31999969482422,55.531131744384766,9627200
2011-11-21,69.94000244140625,70.6500015258789,68.6500015258789,70.18000030517578,54.643524169921875,8495000
2011-11-22,69.79000091552734,70.48999786376953,68.5999984741211,68.94999694824219,53.68581771850586,7931700
2011-11-23,67.94999694824219,68.36000061035156,66.18000030517578,66.5,51.7781982421875,9720700
2011-11-25,66.11000061035156,67.80999755859375,66.05999755859375,66.37000274658203,51.67698287963867,3545200
2011-11-28,68.48999786376953,69.87000274658203,68.44000244140625,69.22000122070312,53.89603805541992,8294100
2011-11-29,69.83999633789062,71.33000183105469,69.06999969482422,70.43000030517578,55.03694152832031,7446700
2011-11-30,73.18000030517578,75.5,73.04000091552734,75.33000183105469,58.86602020263672,12319400
2011-12-01,75.16000366210938,76.05000305175781,74.25,74.87000274658203,58.50657272338867,7541900
2011-12-02,75.9000015258789,76.72000122070312,74.83999633789062,75.01000213623047,58.615966796875,7055000
2011-12-05,76.29000091552734,77.38999938964844,75.93000030517578,77.1500015258789,60.28825759887695,9641900
2011-12-06,76.86000061035156,77.6500015258789,75.93000030517578,76.6500015258789,59.897525787353516,7791800
2011-12-07,75.79000091552734,76.0999984741211,74.33999633789062,75.08999633789062,58.67845916748047,9843700
2011-12-08,74.23999786376953,75.3499984741211,71.6500015258789,71.94999694824219,56.224754333496094,12315900
2011-12-09,72.13999938964844,74.55999755859375,72.04000091552734,74.1500015258789,57.943912506103516,10490400
2011-12-12,72.8499984741211,72.98999786376953,70.58000183105469,71.91999816894531,56.20130920410156,9502600
2011-12-13,72.58000183105469,73.76000213623047,70.01000213623047,70.41000366210938,55.02132034301758,9908400
2011-12-14,69.18000030517578,69.51000213623047,66.81999969482422,67.0,52.35659408569336,13809700
2011-12-15,68.08000183105469,68.4800033569336,66.18000030517578,66.33000183105469,51.833045959472656,8450500
2011-12-16,67.12999725341797,67.94999694824219,65.80999755859375,66.91000366210938,52.28627395629883,11767900
2011-12-19,67.41999816894531,67.41999816894531,64.94999694824219,65.06999969482422,50.84841537475586,8046700
2011-12-20,66.69999694824219,68.58000183105469,66.69000244140625,68.16999816894531,53.27089309692383,8083800
2011-12-21,68.38999938964844,68.62000274658203,66.36000061035156,67.70999908447266,52.91142654418945,7831300
2011-12-22,68.4000015258789,68.4000015258789,66.72000122070312,67.93000030517578,53.08334732055664,8720600
2011-12-23,68.25,69.13999938964844,68.01000213623047,69.13999938964844,54.02888870239258,4506700
2011-12-27,69.05999755859375,69.55999755859375,68.5999984741211,68.5999984741211,53.606910705566406,4343600
2011-12-28,68.58999633789062,69.0,66.79000091552734,67.04000091552734,52.38786697387695,6324000
2011-12-29,67.06999969482422,67.73999786376953,67.0,67.41000366210938,52.677001953125,4690200
2011-12-30,67.23999786376953,68.54000091552734,67.13999938964844,68.30999755859375,53.38029098510742,5536100
2012-01-03,70.4000015258789,70.88999938964844,69.5999984741211,70.08999633789062,54.771270751953125,7668200
2012-01-04,70.12999725341797,70.44000244140625,69.2300033569336,69.55999755859375,54.35710525512695,6568800
2012-01-05,68.9800033569336,69.06999969482422,67.13999938964844,68.06999969482422,53.19274139404297,10803500
2012-01-06,68.5,68.7300033569336,67.36000061035156,67.77999877929688,52.96612548828125,8985900
2012-01-09,68.2699966430664,68.95999908447266,67.87999725341797,68.81999969482422,53.77882766723633,5622500
2012-01-10,70.45999908447266,71.05999755859375,70.25,70.75,55.28701400756836,8984900
2012-01-11,70.58999633789062,70.5999984741211,69.41000366210938,70.16000366210938,54.825950622558594,7503800
2012-01-12,70.58000183105469,71.48999786376953,68.19000244140625,69.69999694824219,54.46648025512695,8774900
2012-01-13,69.01000213623047,69.1500015258789,67.72000122070312,67.98999786376953,53.13022232055664,9711900
2012-01-17,69.37000274658203,69.73999786376953,67.4000015258789,67.63999938964844,52.85673904418945,11758700
2012-01-18,67.13999938964844,70.66000366210938,67.12000274658203,70.62999725341797,55.193233489990234,13097000
2012-01-19,71.22000122070312,73.0,71.22000122070312,72.86000061035156,56.935874938964844,12785200
2012-01-20,73.80000305175781,75.75,72.5999984741211,73.80000305175781,57.67041015625,18100200
2012-01-23,74.22000122070312,74.80000305175781,73.08999633789062,74.16000366210938,57.95172882080078,9017500
2012-01-24,73.16999816894531,74.58999633789062,72.87000274658203,74.58999633789062,58.28773880004883,7401800
2012-01-25,74.13999938964844,76.5199966430664,73.0999984741211,76.19000244140625,59.53805160522461,10427200
2012-01-26,77.04000091552734,77.75,75.80000305175781,75.9800033569336,59.37397003173828,7839900
2012-01-27,75.8499984741211,77.48999786376953,75.8499984741211,76.66000366210938,59.90531921386719,7239400
2012-01-30,75.47000122070312,76.27999877929688,74.44999694824219,76.2699966430664,59.60057830810547,6589600
2012-01-31,76.94999694824219,76.94999694824219,74.94999694824219,75.16999816894531,58.7409782409668,8976500
2012-02-01,76.3499984741211,77.1500015258789,75.11000061035156,76.12000274658203,59.483341217041016,7260900
2012-02-02,76.25,77.44999694824219,75.97000122070312,77.30999755859375,60.413265228271484,7418700
2012-02-03,78.30999755859375,78.69999694824219,77.70999908447266,78.66000366210938,61.46821975708008,7382700
2012-02-06,78.19999694824219,79.73999786376953,77.75,79.63999938964844,62.23403549194336,5360600
2012-02-07,79.33999633789062,79.69000244140625,78.0,79.5,62.12464141845703,7552900
2012-02-08,79.81999969482422,79.87000274658203,77.97000122070312,78.41000366210938,61.27286911010742,6645200
2012-02-09,78.80999755859375,78.94000244140625,77.7300033569336,78.63999938964844,61.45259094238281,7370000
2012-02-10,77.69000244140625,78.04000091552734,76.62000274658203,77.16999816894531,60.30387496948242,7208800
2012-02-13,78.08999633789062,78.41000366210938,77.12000274658203,78.02999877929688,60.97591018676758,4708100
2012-02-14,77.70999908447266,77.9800033569336,76.94999694824219,77.80000305175781,60.796180725097656,4414500
2012-02-15,78.16000366210938,78.16999816894531,76.73999786376953,77.36000061035156,60.45234298706055,6178100
2012-02-16,77.12000274658203,78.29000091552734,76.5,78.05999755859375,60.99934387207031,10820000
2012-02-17,78.58000183105469,78.66999816894531,77.58000183105469,77.73999786376953,60.96406555175781,8603800
2012-02-21,78.93000030517578,79.7699966430664,78.26000213623047,78.58000183105469,61.622802734375,8227200
2012-02-22,78.55000305175781,80.77999877929688,78.55000305175781,80.0,62.73633575439453,8156000
2012-02-23,80.4000015258789,80.4000015258789,78.55999755859375,79.58999633789062,62.41481018066406,7399100
2012-02-24,80.0999984741211,80.5,79.5999984741211,79.8499984741211,62.61871337890625,5083900
2012-02-27,79.22000122070312,79.66999816894531,78.05000305175781,79.11000061035156,62.03842544555664,5594400
2012-02-28,79.0999984741211,79.54000091552734,78.22000122070312,78.77999877929688,61.77962112426758,6347500
2012-02-29,78.80999755859375,79.41999816894531,77.4000015258789,77.61000061035156,60.862125396728516,8363200
2012-03-01,78.13999938964844,78.88999938964844,77.4000015258789,78.37000274658203,61.45811080932617,6116700
2012-03-02,78.0,78.31999969482422,76.7300033569336,77.19000244140625,60.53276443481445,6636700
2012-03-05,76.80999755859375,76.87999725341797,75.02999877929688,75.69000244140625,59.35646438598633,6201100
2012-03-06,73.86000061035156,74.08000183105469,72.7300033569336,73.79000091552734,57.86647033691406,10354000
2012-03-07,74.38999938964844,74.93000030517578,73.91000366210938,74.69999694824219,58.58009338378906,6386200
2012-03-08,75.20999908447266,76.33999633789062,75.0199966430664,75.81999969482422,59.458396911621094,6017200
2012-03-09,75.98999786376953,76.76000213623047,75.51000213623047,75.83999633789062,59.474082946777344,6691300
2012-03-12,75.6500015258789,75.76000213623047,73.75,74.0199966430664,58.04682159423828,8034900
2012-03-13,74.4000015258789,74.9000015258789,73.5199966430664,74.7699966430664,58.63497543334961,9371700
2012-03-14,74.66000366210938,74.80000305175781,73.52999877929688,74.0199966430664,58.04682159423828,8145300
2012-03-15,74.16999816894531,75.05999755859375,73.26000213623047,74.91999816894531,58.752593994140625,6748600
2012-03-16,75.31999969482422,77.04000091552734,75.06999969482422,76.76000213623047,60.19554901123047,11839000
2012-03-19,76.75,77.43000030517578,76.5999984741211,77.0999984741211,60.4621696472168,5659200
2012-03-20,76.23999786376953,76.23999786376953,75.23999786376953,75.70999908447266,59.372127532958984,6569000
2012-03-21,75.16999816894531,75.16999816894531,73.66999816894531,74.01000213623047,58.03897476196289,14069500
2012-03-22,73.0199966430664,73.11000061035156,71.12000274658203,71.9800033569336,56.44704818725586,15866700
2012-03-23,72.33000183105469,73.51000213623047,71.55999755859375,73.18000030517578,57.38808059692383,11529300
2012-03-26,73.61000061035156,73.83999633789062,71.97000122070312,72.4000015258789,56.776405334472656,10051000
2012-03-27,72.33000183105469,72.36000061035156,69.93000030517578,69.95999908447266,54.86294937133789,16967700
2012-03-28,69.61000061035156,70.69999694824219,68.5999984741211,69.77999877929688,54.72178268432617,10484000
2012-03-29,69.33000183105469,70.45999908447266,68.33000183105469,69.13999938964844,54.219905853271484,11229700
2012-03-30,69.87999725341797,70.41999816894531,68.80000305175781,69.93000030517578,54.83941650390625,10874100
2012-04-02,69.5999984741211,71.08999633789062,69.0999984741211,69.83999633789062,54.76884078979492,8855600
2012-04-03,70.5,70.6500015258789,68.98999786376953,69.7300033569336,54.682586669921875,10094100
2012-04-04,68.80999755859375,69.58999633789062,68.23999786376953,68.69000244140625,53.86701583862305,6752000
2012-04-05,68.54000091552734,69.4000015258789,68.27999877929688,68.41999816894531,53.655277252197266,7967700
2012-04-09,67.48999786376953,68.6500015258789,67.25,67.58999633789062,53.00438690185547,6451000
2012-04-10,67.36000061035156,68.05999755859375,66.44999694824219,67.26000213623047,52.74559783935547,11013900
2012-04-11,68.73999786376953,68.9000015258789,68.0,68.12000274658203,53.42001724243164,8967400
2012-04-12,68.45999908447266,70.41999816894531,68.12999725341797,70.33999633789062,55.16094207763672,9136900
2012-04-13,69.91000366210938,70.19999694824219,68.31999969482422,68.37999725341797,53.62391662597656,7561800
2012-04-16,68.75,69.08000183105469,67.36000061035156,67.44000244140625,52.886756896972656,6851200
2012-04-17,68.62999725341797,69.66000366210938,68.5,69.3499984741211,54.384586334228516,8246200
2012-04-18,69.37000274658203,70.80999755859375,69.2699966430664,69.93000030517578,54.83941650390625,7650000
2012-04-19,70.12000274658203,71.25,69.37000274658203,69.80000305175781,54.73748779296875,9066800
2012-04-20,72.7300033569336,74.5199966430664,71.61000061035156,71.69999694824219,56.22745895385742,19478500
2012-04-23,70.7699966430664,72.25,69.88999938964844,71.19000244140625,55.82752990722656,10055600
2012-04-24,71.5,73.5,71.19000244140625,72.70999908447266,57.0195198059082,9015000
2012-04-25,73.6500015258789,74.91999816894531,73.1500015258789,74.45999908447266,58.39187240600586,10808300
2012-04-26,73.86000061035156,74.72000122070312,73.2699966430664,74.25,58.22718811035156,7059500
2012-04-27,74.54000091552734,74.7300033569336,73.5,73.94999694824219,57.99192810058594,6885200
2012-04-30,73.33999633789062,74.27999877929688,73.33999633789062,74.13999938964844,58.140933990478516,5017700
2012-05-01,74.16000366210938,76.19000244140625,73.79000091552734,75.12999725341797,58.917293548583984,6779600
2012-05-02,74.45999908447266,74.68000030517578,73.83000183105469,74.16999816894531,58.1644401550293,6132000
2012-05-03,74.19999694824219,74.29000091552734,72.18000030517578,72.61000061035156,56.94108963012695,6813200
2012-05-04,71.88999938964844,71.88999938964844,69.44999694824219,69.95999908447266,54.86294937133789,9632700
2012-05-07,69.80999755859375,71.0999984741211,69.3499984741211,70.5999984741211,55.364830017089844,5581500
2012-05-08,69.91999816894531,70.5999984741211,68.37000274658203,70.38999938964844,55.20014572143555,8520500
2012-05-09,69.23999786376953,70.58999633789062,68.73999786376953,69.63999938964844,54.61201858520508,7291000
2012-05-10,70.5,71.18000030517578,69.19999694824219,69.44000244140625,54.455177307128906,5869600
2012-05-11,68.83999633789062,70.1500015258789,68.66000366210938,68.80000305175781,53.953269958496094,5170200
2012-05-14,67.81999969482422,67.81999969482422,66.8499984741211,67.25,52.737754821777344,6861000
2012-05-15,67.37999725341797,67.62000274658203,65.27999877929688,65.5199966430664,51.38106918334961,7730600
2012-05-16,65.76000213623047,67.0,64.19999694824219,64.80999755859375,50.82428741455078,10064600
2012-05-17,64.54000091552734,65.6500015258789,64.1500015258789,64.75,50.77724838256836,9274100
2012-05-18,64.91000366210938,65.80000305175781,63.880001068115234,64.05999755859375,50.23614501953125,9286600
2012-05-21,64.81999969482422,66.86000061035156,64.20999908447266,66.76000213623047,52.35350036621094,7711700
2012-05-22,67.06999969482422,67.7699966430664,65.83999633789062,66.4000015258789,52.07118225097656,8172300
2012-05-23,65.62999725341797,67.26000213623047,64.88999938964844,67.18000030517578,52.6828498840332,6913000
2012-05-24,67.58000183105469,67.6500015258789,65.11000061035156,65.8499984741211,51.63987350463867,8848300
2012-05-25,65.5199966430664,66.33000183105469,65.11000061035156,65.41000366210938,51.294822692871094,6177400
2012-05-29,66.05999755859375,68.12999725341797,66.0199966430664,67.23999786376953,52.72991180419922,7034700
2012-05-30,66.06999969482422,66.08000183105469,63.79999923706055,64.18000030517578,50.53694152832031,9792000
2012-05-31,63.810001373291016,64.01000213623047,61.22999954223633,63.25,49.804630279541016,15048100
2012-06-01,61.630001068115234,62.70000076293945,60.869998931884766,62.06999969482422,48.8754768371582,12230900
2012-06-04,62.099998474121094,62.290000915527344,60.75,62.209999084472656,48.985713958740234,12004800
2012-06-05,61.91999816894531,63.279998779296875,61.540000915527344,62.2400016784668,49.00933837890625,7092300
2012-06-06,63.189998626708984,64.75,62.93000030517578,64.58999633789062,50.85978317260742,12185700
2012-06-07,65.7699966430664,66.5,64.0999984741211,64.43000030517578,50.733787536621094,8169500
2012-06-08,63.95000076293945,64.69999694824219,62.84000015258789,64.54000091552734,50.82041931152344,6758700
2012-06-11,65.5,65.7300033569336,63.91999816894531,64.06999969482422,50.450321197509766,7745000
2012-06-12,64.45999908447266,65.13999938964844,63.790000915527344,64.93000030517578,51.12751007080078,6297500
2012-06-13,64.47000122070312,65.55999755859375,63.4900016784668,63.95000076293945,50.3558235168457,6784100
2012-06-14,64.12999725341797,65.58999633789062,63.84000015258789,65.37999725341797,51.48185348510742,5945700
2012-06-15,66.13999938964844,66.7699966430664,65.51000213623047,66.45999908447266,52.33226013183594,9563600
2012-06-18,65.48999786376953,66.69999694824219,65.38999938964844,66.54000091552734,52.395259857177734,6647700
2012-06-19,67.11000061035156,67.69000244140625,66.5999984741211,67.1500015258789,52.87558364868164,5267600
2012-06-20,66.83000183105469,67.2300033569336,65.0,65.54000091552734,51.60783767700195,9314900
2012-06-21,65.19999694824219,65.47000122070312,62.43000030517578,62.560001373291016,49.26131820678711,9460300
2012-06-22,62.83000183105469,63.06999969482422,61.20000076293945,61.560001373291016,48.47389221191406,12120300
2012-06-25,60.75,60.93000030517578,59.68000030517578,60.060001373291016,47.292747497558594,10411200
2012-06-26,60.16999816894531,60.45000076293945,59.119998931884766,59.66999816894531,46.985652923583984,10251000
2012-06-27,60.099998474121094,61.79999923706055,60.0099983215332,61.470001220703125,48.40301513671875,9085900
2012-06-28,61.47999954223633,62.880001068115234,61.209999084472656,62.720001220703125,49.387298583984375,8757600
2012-06-29,64.41999816894531,65.4800033569336,64.0199966430664,64.91000366210938,51.11176681518555,10193500
2012-07-02,64.86000061035156,66.01000213623047,64.4800033569336,64.94000244140625,51.13538360595703,6915800
2012-07-03,65.81999969482422,67.37999725341797,65.58000183105469,67.33999633789062,53.02519226074219,5385200
2012-07-05,67.05000305175781,67.13999938964844,65.8499984741211,66.0999984741211,52.04879379272461,5128200
2012-07-06,65.08999633789062,66.0999984741211,64.56999969482422,65.16999816894531,51.31648635864258,6731700
2012-07-09,64.83000183105469,66.29000091552734,64.48999786376953,65.81999969482422,51.828311920166016,5597700
2012-07-10,66.05000305175781,66.36000061035156,64.5,64.97000122070312,51.15898513793945,7977900
2012-07-11,65.18000030517578,66.1500015258789,64.9000015258789,65.66000366210938,51.70232009887695,6956500
2012-07-12,64.81999969482422,65.73999786376953,64.19000244140625,65.38999938964844,51.48971939086914,5837300
2012-07-13,65.44000244140625,66.93000030517578,65.41999816894531,66.72000122070312,52.536991119384766,5068200
2012-07-16,66.2699966430664,66.79000091552734,65.54000091552734,66.30000305175781,52.20628356933594,5673800
2012-07-17,66.94999694824219,67.94999694824219,66.08000183105469,67.79000091552734,53.379539489746094,8774800
2012-07-18,67.44000244140625,69.18000030517578,67.26000213623047,68.76000213623047,54.14336013793945,7001700
2012-07-19,68.87000274658203,69.38999938964844,68.2699966430664,68.63999938964844,54.048851013183594,8950800
2012-07-20,69.91999816894531,70.44000244140625,68.80000305175781,69.33000183105469,54.59218978881836,12357600
2012-07-23,68.37000274658203,69.79000091552734,67.5199966430664,69.55000305175781,54.76540756225586,8057500
2012-07-24,69.5,69.6500015258789,67.04000091552734,67.94000244140625,53.497642517089844,8154800
2012-07-25,68.22000122070312,68.86000061035156,67.45999908447266,68.25,53.74174880981445,6464300
2012-07-26,70.01000213623047,71.66999816894531,69.33999633789062,71.30999755859375,56.15127182006836,10055900
2012-07-27,71.7699966430664,73.47000122070312,71.18000030517578,72.95999908447266,57.450523376464844,9535300
2012-07-30,72.81999969482422,72.86000061035156,72.08999633789062,72.54000091552734,57.11981201171875,6438100
2012-07-31,72.16000366210938,72.76000213623047,71.01000213623047,71.26000213623047,56.111915588378906,6820100
2012-08-01,71.41000366210938,72.4800033569336,70.26000213623047,71.68000030517578,56.44260025024414,6387700
2012-08-02,70.44999694824219,71.54000091552734,69.8499984741211,70.83000183105469,55.77333068847656,6358300
2012-08-03,72.5,72.83999633789062,71.70999908447266,72.38999938964844,57.001686096191406,5083600
2012-08-06,72.66999816894531,72.87999725341797,72.04000091552734,72.4000015258789,57.00956726074219,4007100
2012-08-07,72.83000183105469,74.22000122070312,72.66000366210938,73.61000061035156,57.96235275268555,8110800
2012-08-08,72.93000030517578,73.8499984741211,72.77999877929688,73.66000366210938,58.00173568725586,6903900
2012-08-09,73.45999908447266,74.4000015258789,73.0999984741211,74.33000183105469,58.52931594848633,5763200
2012-08-10,74.04000091552734,75.47000122070312,73.7699966430664,75.3499984741211,59.332481384277344,7304800
2012-08-13,75.12999725341797,75.4000015258789,74.5999984741211,75.19999694824219,59.214351654052734,6294500
2012-08-14,75.41000366210938,75.68000030517578,74.1500015258789,74.47000122070312,58.63954162597656,5864100
2012-08-15,74.38999938964844,74.5,73.30000305175781,73.87000274658203,58.1671028137207,4853200
2012-08-16,74.0199966430664,75.11000061035156,73.55999755859375,74.9800033569336,59.04112243652344,5303500
2012-08-17,74.95999908447266,75.11000061035156,74.52999877929688,74.77999877929688,58.88365173339844,5107400
2012-08-20,74.48999786376953,74.83000183105469,74.0999984741211,74.33999633789062,58.537166595458984,4983600
2012-08-21,74.5999984741211,74.98999786376953,74.13999938964844,74.3499984741211,58.545040130615234,5131200
2012-08-22,74.0,74.97000122070312,73.83000183105469,74.81999969482422,58.91514205932617,4720400
2012-08-23,74.70999908447266,74.87000274658203,73.8499984741211,74.19000244140625,58.419063568115234,4870100
2012-08-24,74.0,74.75,73.72000122070312,74.58999633789062,58.734031677246094,3783700
2012-08-27,74.68000030517578,75.43000030517578,74.33000183105469,74.8499984741211,58.93875503540039,4279100
2012-08-28,74.41000366210938,74.77999877929688,73.9800033569336,74.37999725341797,58.56866455078125,4771900
2012-08-29,74.4000015258789,74.4000015258789,72.87000274658203,72.95999908447266,57.663719177246094,6009900
2012-08-30,72.5,72.5,71.47000122070312,71.5999984741211,56.802947998046875,6167300
2012-08-31,72.0999984741211,72.79000091552734,71.7300033569336,72.37999725341797,57.421756744384766,5754000
2012-09-04,72.12000274658203,72.33999633789062,70.72000122070312,71.41999816894531,56.6601448059082,7177300
2012-09-05,71.31999969482422,72.0999984741211,70.66999816894531,71.25,56.525272369384766,6499000
2012-09-06,71.87000274658203,73.62999725341797,71.86000061035156,72.45999908447266,57.48521041870117,8041100
2012-09-07,72.68000030517578,73.6500015258789,72.58000183105469,73.16999816894531,58.04848098754883,5466500
2012-09-10,73.05000305175781,73.80000305175781,72.68000030517578,72.69000244140625,57.667694091796875,4900100
2012-09-11,72.80999755859375,73.70999908447266,72.61000061035156,73.66000366210938,58.437217712402344,5165400
2012-09-12,74.36000061035156,74.7300033569336,74.05000305175781,74.31999969482422,58.96083068847656,5425900
2012-09-13,74.51000213623047,75.95999908447266,74.23999786376953,75.66999816894531,60.031829833984375,6425700
2012-09-14,77.77999877929688,78.47000122070312,77.25,77.5999984741211,61.562984466552734,8624900
2012-09-17,77.29000091552734,78.2699966430664,76.80999755859375,77.13999938964844,61.19801712036133,6258900
2012-09-18,76.86000061035156,76.87000274658203,75.30999755859375,76.2300033569336,60.476104736328125,7164100
2012-09-19,76.12999725341797,76.30000305175781,74.30000305175781,74.70999908447266,59.27022933959961,6214100
2012-09-20,74.31999969482422,75.29000091552734,73.75,75.2300033569336,59.68278121948242,6961900
2012-09-21,75.94999694824219,76.0,74.5,75.0199966430664,59.51615524291992,8943900
2012-09-24,74.0199966430664,74.80000305175781,74.0,74.26000213623047,58.9132194519043,4747000
2012-09-25,74.55999755859375,74.55999755859375,72.58999633789062,72.69000244140625,57.667694091796875,9193500
2012-09-26,72.33999633789062,72.58000183105469,71.70999908447266,72.05000305175781,57.159950256347656,5103700
2012-09-27,72.48999786376953,73.52999877929688,72.0199966430664,73.23999786376953,58.10402297973633,6131800
2012-09-28,73.31999969482422,73.31999969482422,71.98999786376953,72.33000183105469,57.38208770751953,5769000
2012-10-01,72.98999786376953,73.68000030517578,72.36000061035156,72.58000183105469,57.580413818359375,4289600
2012-10-02,72.88999938964844,73.19999694824219,71.91999816894531,72.26000213623047,57.326541900634766,4760400
2012-10-03,72.25,72.52999877929688,70.72000122070312,71.19000244140625,56.47767639160156,5846400
2012-10-04,71.66000366210938,71.95999908447266,71.20999908447266,71.66999816894531,56.85847473144531,5121200
2012-10-05,72.4000015258789,72.58999633789062,71.27999877929688,71.48999786376953,56.71567916870117,5798700
2012-10-08,70.93000030517578,71.75,70.69999694824219,71.61000061035156,56.81087112426758,3478800
2012-10-09,71.61000061035156,72.41999816894531,71.56999969482422,71.7300033569336,56.906097412109375,3933000
2012-10-10,71.66000366210938,71.75,70.87000274658203,71.08000183105469,56.390411376953125,4344000
2012-10-11,72.22000122070312,72.83999633789062,72.0,72.41999816894531,57.45348358154297,4523900
2012-10-12,72.75,72.91000366210938,71.66000366210938,72.19000244140625,57.271018981933594,3598500
2012-10-15,72.20999908447266,73.01000213623047,71.52999877929688,72.76000213623047,57.723228454589844,4638200
2012-10-16,73.19000244140625,74.0,73.1500015258789,73.5199966430664,58.326148986816406,5731100
2012-10-17,73.52999877929688,74.76000213623047,73.05000305175781,74.55000305175781,59.14328384399414,5799300
2012-10-18,74.55000305175781,75.08999633789062,74.05000305175781,74.80000305175781,59.34163284301758,6578200
2012-10-19,75.47000122070312,75.69999694824219,73.75,74.0,58.70695495605469,8325600
2012-10-22,73.62999725341797,74.19999694824219,72.25,73.16000366210938,58.04056930541992,5340400
2012-10-23,71.91999816894531,71.95999908447266,70.9800033569336,71.26000213623047,56.53322982788086,6442400
2012-10-24,71.66999816894531,71.79000091552734,69.75,70.08999633789062,55.605018615722656,6442700
2012-10-25,71.0,71.33000183105469,70.01000213623047,70.73999786376953,56.12067413330078,6077800
2012-10-26,70.73999786376953,71.04000091552734,69.9000015258789,70.0999984741211,55.612937927246094,4879200
2012-10-31,70.30000305175781,70.8499984741211,69.05999755859375,69.52999877929688,55.160743713378906,6975800
2012-11-01,69.7699966430664,70.25,68.5999984741211,70.1500015258789,55.65260314941406,6532500
2012-11-02,70.5999984741211,70.8499984741211,68.58999633789062,68.7699966430664,54.55780792236328,6240100
2012-11-05,68.6500015258789,70.18000030517578,68.62999725341797,69.94999694824219,55.49394989013672,5648200
2012-11-06,70.26000213623047,71.36000061035156,70.02999877929688,71.1500015258789,56.44594955444336,6442400
2012-11-07,69.9800033569336,70.55999755859375,69.31999969482422,70.12999725341797,55.636741638183594,7556900
2012-11-08,69.94999694824219,70.29000091552734,67.69999694824219,67.7699966430664,53.76446533203125,10199900
2012-11-09,67.5,69.45999908447266,67.31999969482422,68.37000274658203,54.24048614501953,6409800
2012-11-12,68.47000122070312,69.45999908447266,68.0999984741211,68.4800033569336,54.3277473449707,2780300
2012-11-13,67.70999908447266,70.0,67.5,69.06999969482422,54.795814514160156,7922200
2012-11-14,69.33999633789062,69.47000122070312,67.62000274658203,67.83000183105469,53.812068939208984,8248100
2012-11-15,67.80000305175781,69.44999694824219,67.69000244140625,69.16000366210938,54.86720275878906,7414700
2012-11-16,69.33000183105469,69.33999633789062,66.8499984741211,68.22000122070312,54.12146759033203,10051900
2012-11-19,68.94999694824219,70.69999694824219,68.83999633789062,70.69000244140625,56.080997467041016,6742500
2012-11-20,70.43000030517578,70.63999938964844,69.63999938964844,70.0199966430664,55.54948043823242,5425600
2012-11-21,70.33000183105469,70.5,69.7300033569336,70.20999908447266,55.700225830078125,3021400
2012-11-23,70.76000213623047,71.20999908447266,70.29000091552734,71.18000030517578,56.46974182128906,1730800
2012-11-26,70.20999908447266,70.56999969482422,69.93000030517578,70.43000030517578,55.874759674072266,3490100
2012-11-27,70.0999984741211,70.37000274658203,69.55000305175781,69.87000274658203,55.430477142333984,6397500
2012-11-28,69.47000122070312,70.80000305175781,68.91000366210938,70.7300033569336,56.11275100708008,6187500
2012-11-29,70.95999908447266,71.3499984741211,70.38999938964844,70.5999984741211,56.22822570800781,4465700
2012-11-30,70.54000091552734,71.88999938964844,70.41999816894531,71.62000274658203,57.040592193603516,6505500
2012-12-03,72.0,72.48999786376953,70.87000274658203,71.0199966430664,56.56272888183594,6352300
2012-12-04,70.91999816894531,71.97000122070312,70.73999786376953,71.22000122070312,56.72201919555664,4302000
2012-12-05,71.47000122070312,72.11000061035156,71.16999816894531,71.31999969482422,56.801658630371094,5416700
2012-12-06,71.11000061035156,71.61000061035156,70.70999908447266,71.5,56.94501495361328,4154300
2012-12-07,71.80000305175781,72.0,71.27999877929688,71.83000183105469,57.207847595214844,4348500
2012-12-10,71.72000122070312,72.30000305175781,71.55000305175781,72.0,57.34322738647461,3963500
2012-12-11,72.3499984741211,72.80000305175781,71.9800033569336,72.5999984741211,57.82108688354492,7017700
2012-12-12,73.12999725341797,73.51000213623047,72.48999786376953,72.79000091552734,57.972412109375,9634100
2012-12-13,72.04000091552734,72.98999786376953,72.04000091552734,72.55999755859375,57.78923034667969,7116600
2012-12-14,69.9000015258789,70.0,67.5999984741211,68.91000366210938,54.88225555419922,27755400
2012-12-17,69.2300033569336,69.91999816894531,69.0199966430664,69.68000030517578,55.495513916015625,7851600
2012-12-18,69.45999908447266,71.77999877929688,69.30000305175781,71.3499984741211,56.825557708740234,8909600
2012-12-19,71.73999786376953,72.0,70.61000061035156,70.66000366210938,56.2760124206543,5797500
2012-12-20,70.13999938964844,71.52999877929688,70.0,71.0999984741211,56.62644577026367,5973900
2012-12-21,70.22000122070312,70.55000305175781,68.91999816894531,69.69000244140625,55.503475189208984,12506400
2012-12-24,69.55000305175781,69.88999938964844,68.94999694824219,69.27999877929688,55.176937103271484,2272100
2012-12-26,69.73999786376953,69.88999938964844,68.91999816894531,69.0999984741211,55.033573150634766,3373000
2012-12-27,69.08999633789062,69.29000091552734,68.26000213623047,69.16999816894531,55.089317321777344,5283300
2012-12-28,68.58000183105469,68.73999786376953,67.87999725341797,67.95999908447266,54.125633239746094,5635200
2012-12-31,67.87000274658203,69.3499984741211,67.63999938964844,69.30000305175781,55.19287109375,6375100
2013-01-02,70.80000305175781,71.41000366210938,70.12000274658203,71.4000015258789,56.865379333496094,6391400
2013-01-03,71.25,72.0,70.66000366210938,70.91999816894531,56.483089447021484,6063000
2013-01-04,71.33000183105469,72.22000122070312,71.04000091552734,72.01000213623047,57.351200103759766,5165300
2013-01-07,71.52999877929688,72.2300033569336,71.41999816894531,72.20999908447266,57.5104866027832,4104500
2013-01-08,71.94000244140625,72.5999984741211,71.5,72.51000213623047,57.749412536621094,5274500
2013-01-09,72.76000213623047,72.97000122070312,72.01000213623047,72.19999694824219,57.50251388549805,4626500
2013-01-10,72.69999694824219,73.25,72.54000091552734,73.25,58.338775634765625,5591000
2013-01-11,73.19000244140625,73.80000305175781,73.05999755859375,73.75,58.73701095581055,4101500
2013-01-14,73.38999938964844,73.7699966430664,72.54000091552734,72.7699966430664,57.956478118896484,4155100
2013-01-15,72.47000122070312,72.86000061035156,72.19000244140625,72.58999633789062,57.813140869140625,4285900
2013-01-16,72.52999877929688,73.62999725341797,72.52999877929688,73.22000122070312,58.31487274169922,4952000
2013-01-17,73.45999908447266,73.95999908447266,72.54000091552734,73.37000274658203,58.434349060058594,6501200
2013-01-18,73.94999694824219,76.7300033569336,73.5,76.5,60.92717742919922,14231500
2013-01-22,76.56999969482422,78.04000091552734,76.56999969482422,78.0,62.12183380126953,9649300
2013-01-23,77.79000091552734,78.62000274658203,77.36000061035156,78.16999816894531,62.257232666015625,7556800
2013-01-24,78.16000366210938,78.87000274658203,77.76000213623047,78.0199966430664,62.13775634765625,7167100
2013-01-25,78.62999725341797,79.80000305175781,78.0999984741211,79.51000213623047,63.32447052001953,7817800
2013-01-28,79.7300033569336,79.80999755859375,79.0999984741211,79.27999877929688,63.14126205444336,7152800
2013-01-29,79.04000091552734,79.98999786376953,78.77999877929688,79.94999694824219,63.674903869628906,6286500
2013-01-30,79.83000183105469,79.9000015258789,78.45999908447266,78.5999984741211,62.599693298339844,8794700
2013-01-31,78.44000244140625,78.79000091552734,77.55000305175781,78.05000305175781,62.161651611328125,5751500
2013-02-01,78.94000244140625,79.83000183105469,78.4000015258789,79.69999694824219,63.47576141357422,6224100
2013-02-04,79.11000061035156,79.8499984741211,78.87999725341797,79.44999694824219,63.27669143676758,6620700
2013-02-05,79.81999969482422,80.43000030517578,79.5,80.16000366210938,63.842124938964844,5389200
2013-02-06,79.41999816894531,79.56999969482422,77.76000213623047,78.7300033569336,62.70325469970703,7131200
2013-02-07,78.86000061035156,79.20999908447266,77.81999969482422,78.0,62.12183380126953,6101200
2013-02-08,78.23999786376953,79.06999969482422,78.12999725341797,79.06999969482422,62.97402572631836,4632700
2013-02-11,78.55999755859375,78.8499984741211,77.80999755859375,77.93000030517578,62.06609344482422,4785000
2013-02-12,78.51000213623047,78.6500015258789,78.0199966430664,78.52999877929688,62.543949127197266,4646300
2013-02-13,78.48999786376953,78.7300033569336,78.25,78.62999725341797,62.62358093261719,3552000
2013-02-14,78.51000213623047,82.0,78.13999938964844,81.55999755859375,64.9571533203125,11691800
2013-02-15,81.02999877929688,81.22000122070312,79.5,80.02999877929688,63.984130859375,8755900
2013-02-19,80.08999633789062,80.55000305175781,79.56999969482422,79.98999786376953,63.952171325683594,5096900
2013-02-20,80.06999969482422,80.19999694824219,78.47000122070312,78.52999877929688,62.784908294677734,6395300
2013-02-21,77.97000122070312,77.97000122070312,76.55000305175781,77.43000030517578,61.905452728271484,5789200
2013-02-22,77.93000030517578,78.1500015258789,76.87000274658203,77.79000091552734,62.19328308105469,4085100
2013-02-25,78.36000061035156,78.94999694824219,75.73999786376953,75.83000183105469,60.62624740600586,6143800
2013-02-26,76.33999633789062,76.7699966430664,74.98999786376953,76.33000183105469,61.025997161865234,6506100
2013-02-27,76.20999908447266,78.18000030517578,75.9800033569336,77.9000015258789,62.28122329711914,4923100
2013-02-28,77.81999969482422,78.58000183105469,77.47000122070312,77.8499984741211,62.24124526977539,5396500
2013-03-01,77.3499984741211,77.91999816894531,76.91999816894531,77.63999938964844,62.073341369628906,4893300
2013-03-04,77.48999786376953,77.58999633789062,75.72000122070312,76.5,61.16189956665039,5076700
2013-03-05,77.23999786376953,77.5999984741211,76.27999877929688,76.94999694824219,61.52169418334961,8957500
2013-03-06,77.54000091552734,77.7699966430664,76.44999694824219,77.16000366210938,61.68956756591797,4648700
2013-03-07,77.19999694824219,78.0,77.0999984741211,77.81999969482422,62.21725845336914,3620500
2013-03-08,78.0199966430664,78.44000244140625,77.23999786376953,77.95999908447266,62.32917404174805,3916100
2013-03-11,77.56999969482422,77.86000061035156,77.12000274658203,77.77999877929688,62.18524169921875,4377600
2013-03-12,77.9800033569336,78.37000274658203,77.01000213623047,77.44000244140625,61.913448333740234,5544100
2013-03-13,77.70999908447266,77.83000183105469,77.23999786376953,77.38999938964844,61.87345504760742,3744000
2013-03-14,77.83999633789062,78.93000030517578,77.58000183105469,78.75,62.96078109741211,5630900
2013-03-15,78.4800033569336,79.73999786376953,78.4800033569336,79.4000015258789,63.48044967651367,8072800
2013-03-18,77.33000183105469,77.79000091552734,76.11000061035156,76.33999633789062,61.03398895263672,9343800
2013-03-19,76.62999725341797,76.62999725341797,73.01000213623047,73.9800033569336,59.14717102050781,14392200
2013-03-20,74.18000030517578,74.25,73.41000366210938,73.79000091552734,58.995269775390625,8933000
2013-03-21,73.31999969482422,74.01000213623047,73.25,73.44000244140625,58.71541976928711,6693800
2013-03-22,73.83999633789062,74.38999938964844,73.55999755859375,74.37000274658203,59.45896911621094,6395500
2013-03-25,74.72000122070312,74.94999694824219,73.36000061035156,73.86000061035156,59.05122375488281,5960100
2013-03-26,74.41000366210938,74.5199966430664,73.83000183105469,74.41999816894531,59.498931884765625,6183800
2013-03-27,73.88999938964844,75.2699966430664,73.55000305175781,75.0999984741211,60.0426025390625,5632400
2013-03-28,74.97000122070312,75.63999938964844,74.5,74.88999938964844,59.87471008300781,7267200
2013-04-01,75.08000183105469,75.2300033569336,73.36000061035156,74.0199966430664,59.179141998291016,5535800
2013-04-02,74.4800033569336,75.22000122070312,74.01000213623047,74.80999755859375,59.810752868652344,7297900
2013-04-03,74.81999969482422,75.1500015258789,73.51000213623047,74.01000213623047,59.171142578125,9089700
2013-04-04,73.91000366210938,74.31999969482422,73.41000366210938,73.94000244140625,59.115196228027344,5456900
2013-04-05,73.08999633789062,74.48999786376953,72.69999694824219,74.3499984741211,59.442970275878906,4829200
2013-04-08,74.30000305175781,75.0999984741211,74.0999984741211,74.95999908447266,59.9306755065918,3874200
2013-04-09,75.11000061035156,75.77999877929688,74.52999877929688,75.43000030517578,60.306434631347656,4047700
2013-04-10,75.47000122070312,77.30000305175781,75.44999694824219,76.98999786376953,61.55366516113281,7208300
2013-04-11,77.19000244140625,77.55999755859375,76.5199966430664,77.13999938964844,61.6735725402832,5097900
2013-04-12,76.62000274658203,76.75,74.88999938964844,75.66000366210938,60.49032211303711,6829700
2013-04-15,74.61000061035156,74.61000061035156,71.5999984741211,71.88999938964844,57.4761848449707,11536400
2013-04-16,72.76000213623047,73.44000244140625,71.76000213623047,73.29000091552734,58.595516204833984,7792200
2013-04-17,72.38999938964844,72.38999938964844,70.19999694824219,70.97000122070312,56.74067306518555,10266600
2013-04-18,71.4000015258789,71.66000366210938,70.19000244140625,71.0,56.764652252197266,8245500
2013-04-19,73.69999694824219,73.69999694824219,69.08000183105469,69.94999694824219,55.92516326904297,13971800
2013-04-22,71.01000213623047,71.56999969482422,69.76000213623047,71.2300033569336,56.94853973388672,9191500
2013-04-23,71.63999938964844,71.98999786376953,70.83000183105469,71.94000244140625,57.516170501708984,7122100
2013-04-24,72.41000366210938,73.70999908447266,72.05999755859375,73.16999816894531,58.49955749511719,8791200
2013-04-25,73.25,74.06999969482422,72.80000305175781,73.44000244140625,58.71541976928711,7380700
2013-04-26,73.31999969482422,73.7699966430664,72.62999725341797,73.33999633789062,58.6354866027832,5270100
2013-04-29,73.55999755859375,74.27999877929688,72.94000244140625,74.02999877929688,59.1871223449707,5212200
2013-04-30,74.16999816894531,74.62000274658203,73.33999633789062,74.43000030517578,59.5069465637207,7392800
2013-05-01,73.93000030517578,74.18000030517578,73.33999633789062,73.79000091552734,58.995269775390625,6586500
2013-05-02,73.81999969482422,74.58000183105469,73.45999908447266,74.25,59.3630256652832,4641400
2013-05-03,75.04000091552734,76.4000015258789,75.01000213623047,75.72000122070312,60.538307189941406,6582600
2013-05-06,75.72000122070312,76.41999816894531,75.4800033569336,76.16000366210938,60.890071868896484,4501800
2013-05-07,76.58999633789062,77.44999694824219,76.41000366210938,76.88999938964844,61.47370529174805,5866100
2013-05-08,76.87000274658203,77.69000244140625,76.52999877929688,77.58999633789062,62.03335952758789,4793800
2013-05-09,77.4800033569336,77.66000366210938,76.73999786376953,77.25,61.76153564453125,4382700
2013-05-10,76.94000244140625,77.04000091552734,75.83000183105469,76.81999969482422,61.417755126953125,6331900
2013-05-13,76.73999786376953,77.41000366210938,76.5999984741211,77.04000091552734,61.593624114990234,8105600
2013-05-14,76.7300033569336,77.2699966430664,76.58000183105469,76.86000061035156,61.449745178222656,6602300
2013-05-15,75.58999633789062,76.2300033569336,74.95999908447266,75.68000030517578,60.506317138671875,9423800
2013-05-16,75.76000213623047,76.16999816894531,75.06999969482422,75.2699966430664,60.17852020263672,6200800
2013-05-17,75.9000015258789,76.16999816894531,74.87999725341797,75.73999786376953,60.554283142089844,9533300
2013-05-20,75.55999755859375,77.48999786376953,75.41999816894531,77.41999816894531,61.897438049316406,9940800
2013-05-21,77.38999938964844,77.83999633789062,76.66999816894531,77.08000183105469,61.62561798095703,6334800
2013-05-22,76.94999694824219,77.79000091552734,75.11000061035156,75.58000183105469,60.42638397216797,9235500
2013-05-23,74.44000244140625,75.44999694824219,73.81999969482422,75.37999725341797,60.266448974609375,6712900
2013-05-24,74.66999816894531,74.87999725341797,73.66000366210938,74.66000366210938,59.690826416015625,6632100
2013-05-28,75.87000274658203,76.18000030517578,75.25,75.4000015258789,60.282447814941406,6700100
2013-05-29,74.81999969482422,75.31999969482422,74.27999877929688,74.9800033569336,59.94667053222656,4889900
2013-05-30,74.58000183105469,75.19999694824219,73.94999694824219,74.80999755859375,59.810752868652344,5747400
2013-05-31,74.38999938964844,74.51000213623047,73.0199966430664,73.02999877929688,58.387638092041016,7897400
2013-06-03,73.19000244140625,73.52999877929688,72.73999786376953,73.25,58.81559753417969,8164000
2013-06-04,73.13999938964844,73.55999755859375,72.56999969482422,72.8499984741211,58.49443817138672,9450800
2013-06-05,72.5999984741211,73.11000061035156,72.0999984741211,72.18000030517578,57.95645523071289,7499400
2013-06-06,72.12000274658203,73.30000305175781,71.80000305175781,73.30000305175781,58.855751037597656,7292900
2013-06-07,74.04000091552734,74.3499984741211,73.29000091552734,73.93000030517578,59.361610412597656,6703700
2013-06-10,74.11000061035156,74.38999938964844,73.11000061035156,73.30000305175781,58.855751037597656,6263700
2013-06-11,72.37000274658203,72.61000061035156,71.30999755859375,71.44000244140625,57.362266540527344,8572800
2013-06-12,72.13999938964844,72.19000244140625,70.87999725341797,70.94999694824219,56.968833923339844,6256100
2013-06-13,71.11000061035156,72.56999969482422,71.0,72.45999908447266,58.181278228759766,6800300
2013-06-14,72.51000213623047,72.68000030517578,71.55000305175781,71.5999984741211,57.49074935913086,4937500
2013-06-17,72.4000015258789,73.43000030517578,72.4000015258789,73.0999984741211,58.69515609741211,5376400
2013-06-18,73.18000030517578,74.5999984741211,73.05999755859375,74.16000366210938,59.5462760925293,5682300
2013-06-19,74.26000213623047,74.79000091552734,73.4000015258789,73.4000015258789,58.93606185913086,6332400
2013-06-20,72.61000061035156,72.81999969482422,71.80999755859375,72.13999938964844,57.92434310913086,8916000
2013-06-21,72.77999877929688,73.12999725341797,71.80999755859375,72.83000183105469,58.478370666503906,9785400
2013-06-24,71.83999633789062,71.9800033569336,70.25,71.23999786376953,57.201683044433594,7984300
2013-06-25,72.04000091552734,72.98999786376953,71.87000274658203,72.08999633789062,57.88420104980469,6693400
2013-06-26,72.62000274658203,72.7300033569336,71.61000061035156,71.80999755859375,57.659366607666016,5199700
2013-06-27,72.12000274658203,72.54000091552734,71.8499984741211,71.93000030517578,57.75572204589844,5951000
2013-06-28,71.80999755859375,72.27999877929688,71.5999984741211,71.66000366210938,57.5389289855957,7497100
2013-07-01,72.19000244140625,73.33999633789062,71.94999694824219,72.77999877929688,58.43821334838867,6432900
2013-07-02,73.30999755859375,73.30999755859375,72.25,72.61000061035156,58.30173110961914,4931300
2013-07-03,72.48999786376953,73.13999938964844,71.83999633789062,73.01000213623047,58.62289810180664,3147100
2013-07-05,73.41999816894531,74.37999725341797,72.9800033569336,74.08999633789062,59.49007797241211,3992100
2013-07-08,74.62000274658203,75.22000122070312,74.30999755859375,74.79000091552734,60.05213165283203,5457700
2013-07-09,75.2300033569336,76.79000091552734,75.2300033569336,76.54000091552734,61.45729446411133,7159600
2013-07-10,76.37000274658203,76.54000091552734,75.95999908447266,76.18000030517578,61.16822052001953,4594000
2013-07-11,77.08000183105469,77.22000122070312,76.01000213623047,76.62999725341797,61.529563903808594,4889800
2013-07-12,76.41999816894531,76.87999725341797,76.33999633789062,76.83999633789062,61.69817352294922,4254400
2013-07-15,76.83999633789062,77.30999755859375,76.38999938964844,77.0199966430664,61.84271240234375,3927800
2013-07-16,77.19000244140625,77.52999877929688,75.94000244140625,76.5199966430664,61.441226959228516,6037200
2013-07-17,76.76000213623047,77.7699966430664,76.76000213623047,77.61000061035156,62.316429138183594,6667600
2013-07-18,77.76000213623047,78.8499984741211,77.76000213623047,78.4800033569336,63.0150146484375,6141300
2013-07-19,81.20999908447266,83.55000305175781,80.88999938964844,82.73999786376953,66.43553161621094,17430400
2013-07-22,82.36000061035156,85.0199966430664,82.22000122070312,83.80999755859375,67.29467010498047,11197700
2013-07-23,83.86000061035156,84.47000122070312,83.4000015258789,83.56999969482422,67.10197448730469,6866900
2013-07-24,83.7300033569336,83.80000305175781,82.33000183105469,82.8499984741211,66.52387237548828,5378100
2013-07-25,82.5199966430664,83.27999877929688,82.0199966430664,82.56999969482422,66.29904174804688,5837900
2013-07-26,82.2699966430664,82.2699966430664,81.1500015258789,81.91000366210938,65.76909637451172,5040600
2013-07-29,81.11000061035156,81.5199966430664,80.80000305175781,81.1500015258789,65.15885925292969,4867300
2013-07-30,81.4800033569336,81.87999725341797,81.23999786376953,81.43000030517578,65.3836898803711,5142600
2013-07-31,81.98999786376953,82.12999725341797,81.11000061035156,81.33000183105469,65.30337524414062,5034500
2013-08-01,82.3499984741211,83.69999694824219,82.3499984741211,83.55000305175781,67.08589172363281,7005700
2013-08-02,83.48999786376953,83.58999633789062,82.55000305175781,82.88999938964844,66.55597686767578,5881400
2013-08-05,82.87000274658203,83.01000213623047,81.94999694824219,82.88999938964844,66.55597686767578,4036200
2013-08-06,82.7300033569336,82.95999908447266,82.0999984741211,82.22000122070312,66.01799774169922,5372400
2013-08-07,81.63999938964844,81.80000305175781,80.41000366210938,81.05000305175781,65.07856750488281,7098700
2013-08-08,81.56999969482422,82.02999877929688,81.12000274658203,81.2300033569336,65.22310638427734,3996900
2013-08-09,81.13999938964844,81.52999877929688,80.26000213623047,80.48999786376953,64.62891387939453,4523100
2013-08-12,80.02999877929688,80.7300033569336,79.80000305175781,80.25,64.43620300292969,4988700
2013-08-13,80.66999816894531,82.5,80.58000183105469,82.22000122070312,66.01799774169922,7282400
2013-08-14,82.30000305175781,82.73999786376953,81.98999786376953,82.16000366210938,65.9698257446289,4401200
2013-08-15,81.62000274658203,82.31999969482422,81.4800033569336,81.98999786376953,65.83333587646484,4601100
2013-08-16,81.91999816894531,82.33000183105469,81.72000122070312,81.91999816894531,65.7771224975586,4754300
2013-08-19,81.26000213623047,81.9000015258789,80.30000305175781,80.41000366210938,64.5646743774414,4684300
2013-08-20,80.47000122070312,81.18000030517578,80.1500015258789,80.62000274658203,64.7332992553711,3642200
2013-08-21,80.26000213623047,80.93000030517578,80.0,80.05000305175781,64.27561950683594,4118100
2013-08-22,80.7699966430664,82.63999938964844,80.51000213623047,82.20999908447266,66.00999450683594,4504300
2013-08-23,82.51000213623047,82.51000213623047,81.3499984741211,81.66999816894531,65.57638549804688,5122500
2013-08-26,81.83000183105469,82.5199966430664,81.73999786376953,81.9000015258789,65.76107025146484,4677000
2013-08-27,81.0999984741211,82.12999725341797,80.91999816894531,81.16999816894531,65.1749267578125,4422500
2013-08-28,81.4000015258789,83.33000183105469,81.23999786376953,82.68000030517578,66.38735961914062,5511700
2013-08-29,82.69999694824219,82.91000366210938,81.4800033569336,81.5999984741211,65.52017974853516,4834400
2013-08-30,81.55999755859375,81.5999984741211,80.68000030517578,80.94000244140625,65.24048614501953,4455500
2013-09-03,81.69000244140625,82.83000183105469,81.68000030517578,82.41999816894531,66.43342590332031,5299300
2013-09-04,82.11000061035156,83.48999786376953,81.86000061035156,82.86000061035156,66.78807067871094,5521100
2013-09-05,83.2300033569336,84.55000305175781,83.0,84.22000122070312,67.88427734375,8640500
2013-09-06,84.72000122070312,85.91999816894531,83.72000122070312,85.13999938964844,68.62583923339844,9117100
2013-09-09,85.18000030517578,86.75,85.18000030517578,86.44999694824219,69.6817398071289,5954500
2013-09-10,86.1500015258789,86.9000015258789,85.45999908447266,86.9000015258789,70.04446411132812,10257200
2013-09-11,86.80999755859375,87.11000061035156,86.19000244140625,87.05000305175781,70.16536712646484,5414000
2013-09-12,86.8499984741211,87.18000030517578,86.0,86.58000183105469,69.78654479980469,5860700
2013-09-13,86.47000122070312,86.91000366210938,86.08000183105469,86.72000122070312,69.8993911743164,3874800
2013-09-16,87.36000061035156,87.61000061035156,86.58999633789062,87.0,70.12507629394531,4213300
2013-09-17,86.95999908447266,88.22000122070312,86.66000366210938,87.73999786376953,70.72151947021484,6074500
2013-09-18,87.63999938964844,89.4800033569336,86.94000244140625,88.94999694824219,71.69683837890625,6756500
2013-09-19,88.83999633789062,89.72000122070312,88.72000122070312,88.79000091552734,71.56786346435547,6010200
2013-09-20,89.08000183105469,89.27999877929688,87.44000244140625,87.44000244140625,70.47974395751953,8555600
2013-09-23,87.16000366210938,87.86000061035156,87.02999877929688,87.04000091552734,70.15731048583984,5480900
2013-09-24,87.41999816894531,88.5199966430664,86.56999969482422,87.91000366210938,70.85855865478516,5688300
2013-09-25,87.83000183105469,89.23999786376953,87.51000213623047,88.56999969482422,71.39054870605469,8082500
2013-09-26,88.7699966430664,89.25,88.43000030517578,88.83000183105469,71.6001205444336,5042900
2013-09-27,88.30999755859375,89.0999984741211,88.12000274658203,88.81999969482422,71.59203338623047,4980100
2013-09-30,87.48999786376953,88.87999725341797,87.16000366210938,88.36000061035156,71.22127532958984,5597200
2013-10-01,87.98999786376953,89.58999633789062,87.9800033569336,89.05000305175781,71.77742767333984,5580200
2013-10-02,89.0,89.9000015258789,88.75,89.8499984741211,72.42227935791016,7487100
2013-10-03,89.62999725341797,89.9800033569336,89.0,89.44000244140625,72.09178924560547,6618300
2013-10-04,89.55999755859375,90.47000122070312,89.0,90.01000213623047,72.55122375488281,3983600
2013-10-07,89.27999877929688,90.0999984741211,89.01000213623047,89.29000091552734,71.97088623046875,4570100
2013-10-08,89.33000183105469,89.41000366210938,87.83999633789062,87.94999694824219,70.89079284667969,5902800
2013-10-09,87.94999694824219,88.08000183105469,86.30000305175781,87.04000091552734,70.15731048583984,6185100
2013-10-10,87.97000122070312,89.44000244140625,87.9000015258789,89.41999816894531,72.07566833496094,6081800
2013-10-11,89.05000305175781,90.29000091552734,88.5199966430664,90.0199966430664,72.55928802490234,5335400
2013-10-14,89.33000183105469,91.30000305175781,89.23999786376953,91.16999816894531,73.48623657226562,5475000
2013-10-15,90.54000091552734,91.26000213623047,89.62999725341797,90.54000091552734,72.9784164428711,6370800
2013-10-16,90.93000030517578,92.4000015258789,90.8499984741211,92.18000030517578,74.30032348632812,9084500
2013-10-17,91.83000183105469,91.8499984741211,90.70999908447266,91.43000030517578,73.69579315185547,8871400
2013-10-18,93.0999984741211,94.87999725341797,92.98999786376953,93.98999786376953,75.7592544555664,11240000
2013-10-21,94.12000274658203,94.91000366210938,92.91000366210938,93.4800033569336,75.34817504882812,7325900
2013-10-22,93.38999938964844,94.9000015258789,93.29000091552734,94.45999908447266,76.1380844116211,7692500
2013-10-23,93.66999816894531,93.75,92.62000274658203,92.83999633789062,74.83230590820312,7718600
2013-10-24,92.80999755859375,93.44999694824219,92.30999755859375,92.8499984741211,74.84036254882812,4376500
2013-10-25,92.47000122070312,93.27999877929688,92.41000366210938,92.9000015258789,74.88066101074219,4697700
2013-10-28,92.70999908447266,93.13999938964844,92.12000274658203,92.8499984741211,74.84036254882812,4936700
2013-10-29,93.23999786376953,94.01000213623047,92.88999938964844,94.0,75.76731872558594,4078100
2013-10-30,94.43000030517578,94.7699966430664,93.36000061035156,93.87999725341797,75.67058563232422,5615900
2013-10-31,93.87999725341797,94.44999694824219,93.2699966430664,93.72000122070312,75.54161834716797,5305400
2013-11-01,93.94999694824219,94.0999984741211,92.12999725341797,93.0,74.96128845214844,5907400
2013-11-04,93.4000015258789,93.72000122070312,92.83000183105469,93.51000213623047,75.37234497070312,3841400
2013-11-05,92.97000122070312,93.11000061035156,91.86000061035156,92.38999938964844,74.46958923339844,4892700
2013-11-06,93.06999969482422,93.87999725341797,92.5999984741211,93.2300033569336,75.14667510986328,4244300
2013-11-07,93.6500015258789,93.79000091552734,91.83999633789062,92.05000305175781,74.19556427001953,5349000
2013-11-08,91.87000274658203,93.88999938964844,91.80999755859375,93.79000091552734,75.59806060791016,6832400
2013-11-11,93.77999877929688,94.80999755859375,93.51000213623047,93.87000274658203,75.66251373291016,3847200
2013-11-12,93.47000122070312,93.56999969482422,91.29000091552734,91.98999786376953,74.14717102050781,6598400
2013-11-13,91.66000366210938,93.0999984741211,90.77999877929688,93.08000183105469,75.0257568359375,6008000
2013-11-14,93.18000030517578,93.5,92.66999816894531,93.30999755859375,75.21116638183594,4226700
2013-11-15,93.38999938964844,93.87000274658203,92.33000183105469,92.9800033569336,74.94515228271484,5056400
2013-11-18,93.20999908447266,93.30000305175781,91.62999725341797,92.0199966430664,74.17137145996094,4352100
2013-11-19,91.66999816894531,92.19999694824219,90.56999969482422,91.27999877929688,73.57489776611328,6261800
2013-11-20,91.94000244140625,91.97000122070312,90.30999755859375,90.44999694824219,72.9058837890625,5554300
2013-11-21,90.80999755859375,91.13999938964844,90.38999938964844,91.01000213623047,73.35726928710938,5774700
2013-11-22,91.30999755859375,92.79000091552734,91.0,92.7300033569336,74.74363708496094,5274000
2013-11-25,92.45999908447266,92.69999694824219,89.5,89.80999755859375,72.39002227783203,7255000
2013-11-26,89.87000274658203,90.01000213623047,88.9000015258789,89.45999908447266,72.10792541503906,6987200
2013-11-27,89.31999969482422,89.48999786376953,86.79000091552734,87.94999694824219,70.89079284667969,8571100
2013-11-29,88.12999725341797,89.66000366210938,87.68000030517578,88.41999816894531,71.26963806152344,4093900
2013-12-02,88.63999938964844,88.98999786376953,87.33999633789062,87.5999984741211,70.85954284667969,4653800
2013-12-03,87.16000366210938,88.0999984741211,86.37999725341797,87.63999938964844,70.89187622070312,5831900
2013-12-04,87.37000274658203,87.9000015258789,86.5,87.27999877929688,70.60066223144531,6694500
2013-12-05,86.73999786376953,87.91000366210938,86.55999755859375,86.87000274658203,70.26903533935547,5986200
2013-12-06,88.0999984741211,88.52999877929688,87.7699966430664,88.1500015258789,71.30441284179688,6102400
2013-12-09,88.5199966430664,88.5199966430664,86.94000244140625,88.02999877929688,71.20732879638672,5066900
2013-12-10,87.69999694824219,88.0999984741211,86.8499984741211,87.01000213623047,70.38227081298828,4867100
2013-12-11,87.0,87.4800033569336,85.9000015258789,86.13999938964844,69.67853546142578,5387500
2013-12-12,86.2300033569336,87.63999938964844,85.97000122070312,86.95999908447266,70.3418197631836,5923400
2013-12-13,87.37999725341797,87.51000213623047,85.8499984741211,86.37000274658203,69.86457061767578,6089300
2013-12-16,86.98999786376953,87.12999725341797,86.1500015258789,87.0,70.37419891357422,5083600
2013-12-17,87.02999877929688,87.5199966430664,85.44999694824219,85.54000091552734,69.19318389892578,7275800
2013-12-18,85.58000183105469,87.30999755859375,84.91000366210938,87.26000213623047,70.58450317382812,8990400
2013-12-19,87.04000091552734,87.08000183105469,85.6500015258789,86.47000122070312,69.94548797607422,6374800
2013-12-20,86.51000213623047,87.76000213623047,86.0,87.2699966430664,70.59259796142578,9322500
2013-12-23,87.87999725341797,88.12999725341797,87.2699966430664,87.31999969482422,70.63304138183594,5214500
2013-12-24,87.52999877929688,88.5,87.37000274658203,88.30999755859375,71.433837890625,1849900
2013-12-26,88.4800033569336,89.55999755859375,88.4000015258789,89.38999938964844,72.30742645263672,3640400
2013-12-27,89.54000091552734,89.98999786376953,89.05000305175781,89.9000015258789,72.71997833251953,3488600
2013-12-30,89.97000122070312,90.26000213623047,89.13999938964844,89.16999816894531,72.12950134277344,4028500
2013-12-31,89.5,90.20999908447266,89.06999969482422,90.11000061035156,72.88983917236328,3397400
2014-01-02,89.4800033569336,90.12000274658203,88.61000061035156,88.81999969482422,71.84636688232422,4958100
2014-01-03,88.94000244140625,89.3499984741211,88.20999908447266,88.3499984741211,71.4661865234375,4212000
2014-01-06,88.87999725341797,88.91999816894531,87.30000305175781,88.0199966430664,71.19925689697266,6370100
2014-01-07,88.05000305175781,88.45999908447266,86.7699966430664,87.51000213623047,70.7867202758789,6423800
2014-01-08,87.36000061035156,87.66000366210938,86.37999725341797,86.9800033569336,70.35801696777344,8527100
2014-01-09,87.5199966430664,87.6500015258789,86.05000305175781,86.4800033569336,69.95356750488281,6559200
2014-01-10,86.08000183105469,88.19999694824219,85.7699966430664,88.16999816894531,71.32059478759766,8417100
2014-01-13,88.4000015258789,88.54000091552734,87.29000091552734,87.45999908447266,70.74629974365234,6824000
2014-01-14,87.91000366210938,88.93000030517578,87.37000274658203,88.87000274658203,71.88683319091797,5523900
2014-01-15,88.91000366210938,89.30000305175781,87.9000015258789,88.88999938964844,71.90300750732422,6804700
2014-01-16,88.87999725341797,89.38999938964844,88.13999938964844,88.61000061035156,71.67649841308594,6930700
2014-01-17,89.80999755859375,90.41000366210938,88.0,90.20999908447266,72.97077178955078,11923900
2014-01-21,91.19999694824219,92.11000061035156,90.37999725341797,91.08999633789062,73.68257904052734,8312400
2014-01-22,91.31999969482422,91.36000061035156,90.27999877929688,91.20999908447266,73.77967071533203,5123800
2014-01-23,90.63999938964844,91.19000244140625,89.9800033569336,90.26000213623047,73.01119232177734,6603500
2014-01-24,89.2300033569336,89.33999633789062,87.81999969482422,88.1500015258789,71.30441284179688,8402100
2014-01-27,88.30000305175781,88.62000274658203,86.9000015258789,87.91000366210938,71.11028289794922,6073300
2014-01-28,88.22000122070312,88.5199966430664,87.19000244140625,87.76000213623047,70.98895263671875,4677700
2014-01-29,87.08000183105469,87.5199966430664,86.43000030517578,87.30000305175781,70.61685943603516,6662400
2014-01-30,87.9000015258789,89.48999786376953,87.88999938964844,88.80999755859375,71.83829498291016,5613700
2014-01-31,87.87000274658203,88.58999633789062,87.30000305175781,87.56999969482422,70.83525085449219,6337900
2014-02-03,87.80000305175781,88.0,85.88999938964844,86.2300033569336,69.7513427734375,7207100
2014-02-04,86.3499984741211,87.83000183105469,86.20999908447266,87.19000244140625,70.52787780761719,6288000
2014-02-05,87.1500015258789,87.63999938964844,86.0,86.16000366210938,69.69469451904297,6650900
2014-02-06,86.55000305175781,88.7699966430664,86.48999786376953,88.51000213623047,71.59561920166016,5384000
2014-02-07,88.98999786376953,89.73999786376953,88.33000183105469,89.5,72.39644622802734,5985000
2014-02-10,89.45999908447266,89.4800033569336,88.38999938964844,89.04000091552734,72.02433776855469,5186900
2014-02-11,89.02999877929688,90.6500015258789,89.01000213623047,90.37000274658203,73.10016632080078,5925100
2014-02-12,90.41999816894531,91.05999755859375,89.95999908447266,90.02999877929688,72.82514953613281,4285000
2014-02-13,89.55000305175781,90.70999908447266,89.1500015258789,90.26000213623047,73.01119232177734,5060900
2014-02-14,90.05999755859375,91.19000244140625,89.94999694824219,90.44999694824219,73.49056243896484,4661800
2014-02-18,90.45999908447266,90.7699966430664,89.69999694824219,90.62999725341797,73.63683319091797,5336000
2014-02-19,90.27999877929688,91.68000030517578,90.27999877929688,90.4800033569336,73.51494598388672,5990400
2014-02-20,90.41000366210938,91.12999725341797,90.30000305175781,91.02999877929688,73.96180725097656,4917000
2014-02-21,91.25,91.4800033569336,90.05999755859375,90.06999969482422,73.18183135986328,6322800
2014-02-24,90.41999816894531,93.66999816894531,90.38999938964844,92.72000122070312,75.33495330810547,8868900
2014-02-25,92.23999786376953,92.75,91.44000244140625,92.55999755859375,75.20491027832031,5254300
2014-02-26,93.29000091552734,93.47000122070312,92.11000061035156,92.3499984741211,75.0343246459961,4337700
2014-02-27,91.9800033569336,92.69999694824219,91.4800033569336,92.56999969482422,75.21305847167969,3947400
2014-02-28,93.16999816894531,93.83999633789062,92.66999816894531,93.0,75.56245422363281,5966900
2014-03-03,92.26000213623047,92.87999725341797,90.5999984741211,91.26000213623047,74.14869689941406,7741200
2014-03-04,92.5,93.01000213623047,91.87999725341797,92.48999786376953,75.1480712890625,6768400
2014-03-05,92.13999938964844,92.5999984741211,91.58000183105469,92.01000213623047,74.75804901123047,3995800
2014-03-06,92.2300033569336,93.05999755859375,91.88999938964844,92.75,75.35931396484375,4612000
2014-03-07,93.2300033569336,93.3499984741211,92.5,92.9800033569336,75.54619598388672,4690300
2014-03-10,92.66999816894531,93.0,92.05999755859375,92.87000274658203,75.45682525634766,3301800
2014-03-11,93.27999877929688,93.62000274658203,91.55999755859375,91.94999694824219,74.70933532714844,5301500
2014-03-12,91.19000244140625,91.41000366210938,90.38999938964844,91.16999816894531,74.07557678222656,4992700
2014-03-13,91.56999969482422,91.7300033569336,89.5999984741211,90.2699966430664,73.34431457519531,6466500
2014-03-14,90.20999908447266,90.58999633789062,88.87999725341797,89.08999633789062,72.38556671142578,7657300
2014-03-17,89.1500015258789,89.97000122070312,89.1500015258789,89.77999877929688,72.9461898803711,8924900
2014-03-18,90.19999694824219,90.98999786376953,89.94999694824219,90.5,73.53118896484375,4377000
2014-03-19,90.58000183105469,91.0999984741211,89.86000061035156,90.36000061035156,73.41743469238281,4160200
2014-03-20,90.3499984741211,91.44000244140625,89.91000366210938,91.11000061035156,74.02681732177734,4289500
2014-03-21,91.91000366210938,93.4000015258789,90.94999694824219,92.66999816894531,75.29432678222656,11148800
2014-03-24,93.0999984741211,94.80000305175781,93.0199966430664,93.2300033569336,75.74932861328125,7381600
2014-03-25,94.48999786376953,95.87999725341797,94.41000366210938,95.55999755859375,77.6424560546875,9651800
2014-03-26,95.83999633789062,96.43000030517578,95.36000061035156,95.43000030517578,77.53681945800781,6515700
2014-03-27,95.41000366210938,97.43000030517578,95.25,96.48999786376953,78.3980712890625,7174100
2014-03-28,96.69000244140625,98.44999694824219,96.48999786376953,97.56999969482422,79.27555084228516,7801000
2014-03-31,97.83000183105469,98.27999877929688,97.22000122070312,97.5,79.21868896484375,5278100
2014-04-01,97.19000244140625,98.16000366210938,97.12999725341797,97.95999908447266,79.59244537353516,4185300
2014-04-02,98.06999969482422,98.41000366210938,97.58000183105469,97.69000244140625,79.3730697631836,4997600
2014-04-03,97.9800033569336,98.70999908447266,97.79000091552734,98.06999969482422,79.68180084228516,4499100
2014-04-04,98.23999786376953,99.69000244140625,97.80999755859375,98.02999877929688,79.6493148803711,8265600
2014-04-07,97.91999816894531,98.52999877929688,97.55000305175781,97.5999984741211,79.2999496459961,7552900
2014-04-08,97.41999816894531,98.69000244140625,97.36000061035156,98.44000244140625,79.98243713378906,6689200
2014-04-09,98.55999755859375,99.16000366210938,97.55999755859375,99.0199966430664,80.45368957519531,5434000
2014-04-10,98.88999938964844,99.44999694824219,97.16000366210938,97.31999969482422,79.07244873046875,5482500
2014-04-11,96.91999816894531,97.54000091552734,96.66000366210938,97.0999984741211,78.89371490478516,5563900
2014-04-14,97.8499984741211,99.33000183105469,97.70999908447266,98.4800033569336,80.01496124267578,6203500
2014-04-15,98.4800033569336,100.5,98.12000274658203,100.11000061035156,81.33930206298828,8585700
2014-04-16,100.5199966430664,101.05999755859375,100.05000305175781,100.94000244140625,82.01368713378906,6955500
2014-04-17,101.58000183105469,101.87000274658203,99.22000122070312,99.91000366210938,81.17681121826172,10169700
2014-04-21,100.33000183105469,102.08999633789062,99.91000366210938,101.80000305175781,82.71244812011719,7005300
2014-04-22,101.30999755859375,102.66000366210938,100.9000015258789,102.02999877929688,82.8993148803711,6939500
2014-04-23,102.0199966430664,102.80000305175781,101.7699966430664,102.20999908447266,83.04556274414062,5547200
2014-04-24,102.05999755859375,102.62000274658203,101.5199966430664,101.80000305175781,82.71244812011719,5168700
2014-04-25,101.56999969482422,102.1500015258789,101.12000274658203,101.75,82.67182159423828,6998500
2014-04-28,102.12999725341797,102.2699966430664,100.36000061035156,101.29000091552734,82.29805755615234,6183500
2014-04-29,101.83999633789062,103.58000183105469,101.33999633789062,101.38999938964844,82.37932586669922,7020600
2014-04-30,101.2300033569336,101.91000366210938,100.8499984741211,101.55000305175781,82.50933837890625,5426900
2014-05-01,101.58000183105469,101.77999877929688,100.56999969482422,100.80000305175781,81.89991760253906,4174900
2014-05-02,101.38999938964844,101.72000122070312,100.70999908447266,101.02999877929688,82.08679962158203,4471200
2014-05-05,100.6500015258789,101.66999816894531,100.48999786376953,101.0999984741211,82.14368438720703,3112000
2014-05-06,101.05000305175781,101.5,100.62000274658203,101.0,82.06244659423828,4681300
2014-05-07,101.27999877929688,102.08000183105469,100.80999755859375,101.87999725341797,82.7774429321289,4075200
2014-05-08,101.83999633789062,102.12000274658203,100.16999816894531,100.27999877929688,81.47743225097656,4374900
2014-05-09,100.2699966430664,100.5199966430664,99.68000030517578,100.22000122070312,81.42869567871094,4659700
2014-05-12,100.6500015258789,100.7699966430664,99.93000030517578,100.29000091552734,81.48556518554688,4071200
2014-05-13,100.27999877929688,100.81999969482422,99.76000213623047,100.25,81.45307159423828,4518200
2014-05-14,100.26000213623047,101.2300033569336,100.26000213623047,100.73999786376953,81.85118103027344,5134100
2014-05-15,100.36000061035156,100.36000061035156,98.33999633789062,99.5,80.84368896484375,6593900
2014-05-16,99.19999694824219,99.83000183105469,98.5,99.58999633789062,80.91680145263672,4965100
2014-05-19,99.37000274658203,100.44000244140625,99.26000213623047,100.29000091552734,81.48556518554688,4095900
2014-05-20,100.02999877929688,100.91999816894531,99.97000122070312,100.38999938964844,81.56681823730469,3904100
2014-05-21,100.83999633789062,101.73999786376953,100.80999755859375,101.58000183105469,82.53370666503906,4114200
2014-05-22,101.44999694824219,101.95999908447266,101.20999908447266,101.5999984741211,82.5499267578125,3757800
2014-05-23,101.5999984741211,101.9000015258789,101.05000305175781,101.38999938964844,82.37932586669922,4463200
2014-05-27,101.91000366210938,102.33999633789062,101.5,102.16000366210938,83.00494384765625,3660300
2014-05-28,102.4000015258789,102.51000213623047,101.0199966430664,101.87000274658203,82.76933288574219,3660000
2014-05-29,102.33999633789062,104.12000274658203,102.30000305175781,103.86000061035156,84.38619232177734,4792000
2014-05-30,103.69000244140625,104.20999908447266,103.19999694824219,104.04000091552734,84.53244018554688,4666500
2014-06-02,104.06999969482422,104.68000030517578,103.20999908447266,103.91000366210938,84.75267028808594,3748000
2014-06-03,103.93000030517578,103.95999908447266,102.91999816894531,103.8499984741211,84.70372009277344,3503900
2014-06-04,103.5199966430664,103.80000305175781,102.91000366210938,103.72000122070312,84.59769439697266,4815100
2014-06-05,103.63999938964844,104.0999984741211,103.16000366210938,103.91000366210938,84.75267028808594,4055600
2014-06-06,104.45999908447266,105.98999786376953,104.13999938964844,105.98999786376953,86.44918060302734,6205600
2014-06-09,105.94999694824219,106.94999694824219,105.5199966430664,106.72000122070312,87.04458618164062,5692300
2014-06-10,106.20999908447266,107.20999908447266,106.12999725341797,106.52999877929688,86.88964080810547,4148000
2014-06-11,106.26000213623047,107.01000213623047,106.0,106.54000091552734,86.89779663085938,3199100
2014-06-12,106.83999633789062,108.08000183105469,106.13999938964844,106.33000183105469,86.72651672363281,5847600
2014-06-13,106.9000015258789,108.2699966430664,106.0199966430664,108.25,88.29251861572266,4749000
2014-06-16,107.80000305175781,107.87999725341797,106.62999725341797,107.05000305175781,87.31375885009766,4126700
2014-06-17,106.66000366210938,107.19000244140625,106.01000213623047,106.0999984741211,86.53890228271484,4321500
2014-06-18,106.08999633789062,107.16999816894531,105.44000244140625,107.08000183105469,87.33821105957031,6129400
2014-06-19,107.1500015258789,107.98999786376953,106.7699966430664,107.5999984741211,87.76235961914062,5892900
2014-06-20,108.04000091552734,109.75,107.8499984741211,108.83000183105469,88.76559448242188,8860300
2014-06-23,109.29000091552734,109.41999816894531,108.41999816894531,108.9000015258789,88.82266998291016,4284100
2014-06-24,108.8499984741211,109.5,106.77999877929688,106.9800033569336,87.25665283203125,5762000
2014-06-25,106.8499984741211,114.44000244140625,106.8499984741211,113.8499984741211,92.86007690429688,17541800
2014-06-26,114.91999816894531,117.55999755859375,114.69999694824219,116.12000274658203,94.7115478515625,14230400
2014-06-27,115.94000244140625,117.80000305175781,115.25,117.80000305175781,96.08183288574219,7830900
2014-06-30,117.48999786376953,118.12999725341797,117.02999877929688,117.94999694824219,96.20417022705078,6529400
2014-07-01,118.30000305175781,118.76000213623047,117.3499984741211,117.8499984741211,96.12261962890625,6644900
2014-07-02,117.9800033569336,118.25,117.19000244140625,117.7300033569336,96.02474975585938,4321100
2014-07-03,117.73999786376953,117.94000244140625,116.37999725341797,117.5,95.83712768554688,3574000
2014-07-07,117.33999633789062,117.62999725341797,116.70999908447266,117.43000030517578,95.780029296875,4887400
2014-07-08,117.05000305175781,117.3499984741211,116.23999786376953,116.75,95.22539520263672,6460900
2014-07-09,117.2699966430664,117.31999969482422,116.13999938964844,116.95999908447266,95.39669799804688,6769500
2014-07-10,115.83999633789062,116.37999725341797,114.80000305175781,115.4000015258789,94.12430572509766,5112800
2014-07-11,115.30999755859375,115.45999908447266,114.12999725341797,114.69999694824219,93.55337524414062,4831900
2014-07-14,114.81999969482422,116.05999755859375,114.7300033569336,115.94000244140625,94.56475830078125,5160000
2014-07-15,114.44999694824219,115.76000213623047,113.55000305175781,114.45999908447266,93.35761260986328,6472400
2014-07-16,115.0,115.9000015258789,114.30999755859375,115.87999725341797,94.51580810546875,5303200
2014-07-17,115.6500015258789,115.6500015258789,114.0,114.63999938964844,93.50442504882812,5348000
2014-07-18,113.5,113.6500015258789,110.7699966430664,112.36000061035156,91.64478302001953,9057900
2014-07-21,112.37999725341797,113.97000122070312,112.36000061035156,113.04000091552734,92.19940948486328,4427800
2014-07-22,113.73999786376953,114.1500015258789,113.26000213623047,113.41000366210938,92.50118255615234,4174100
2014-07-23,113.58999633789062,113.58999633789062,111.93000030517578,112.11000061035156,91.44084930419922,4745400
2014-07-24,112.30000305175781,113.29000091552734,112.22000122070312,113.0999984741211,92.24834442138672,4750600
2014-07-25,112.75,112.9000015258789,111.66999816894531,111.77999877929688,91.17170715332031,5837300
2014-07-28,111.93000030517578,112.2699966430664,110.9000015258789,111.88999938964844,91.26141357421875,4811000
2014-07-29,112.19999694824219,112.61000061035156,111.12000274658203,111.12000274658203,90.6333999633789,3981800
2014-07-30,111.52999877929688,111.97000122070312,109.86000061035156,110.2699966430664,89.94007873535156,5750400
2014-07-31,109.58000183105469,109.93000030517578,107.94000244140625,108.38999938964844,88.40670776367188,7561900
2014-08-01,107.86000061035156,109.08999633789062,106.83999633789062,107.94999694824219,88.0478286743164,6045800
2014-08-04,108.04000091552734,110.05000305175781,107.5199966430664,109.66999816894531,89.45071411132812,5759800
2014-08-05,108.88999938964844,108.97000122070312,106.3499984741211,107.08000183105469,87.33821105957031,6946200
2014-08-06,106.44000244140625,108.9000015258789,106.30000305175781,107.56999969482422,87.7378921508789,5352900
2014-08-07,107.97000122070312,108.62000274658203,106.5999984741211,107.01000213623047,87.28111267089844,4653100
2014-08-08,107.25,108.4800033569336,107.19999694824219,108.37999725341797,88.39854431152344,4168900
2014-08-11,108.97000122070312,110.3499984741211,108.5199966430664,109.20999908447266,89.07553100585938,5354100
2014-08-12,108.94999694824219,109.30999755859375,107.5199966430664,107.87000274658203,87.9825439453125,4625000
2014-08-13,108.69000244140625,109.23999786376953,107.41999816894531,107.62000274658203,87.77865600585938,4294700
2014-08-14,107.95999908447266,108.41000366210938,105.55000305175781,105.91000366210938,86.3839340209961,5857600
2014-08-15,106.30000305175781,106.87999725341797,105.38999938964844,106.52999877929688,86.88964080810547,5322500
2014-08-18,109.26000213623047,109.48999786376953,107.54000091552734,108.13999938964844,88.20280456542969,7806500
2014-08-19,109.06999969482422,109.6500015258789,108.37000274658203,109.41999816894531,89.24679565429688,6228900
2014-08-20,109.86000061035156,110.02999877929688,108.70999908447266,109.8499984741211,89.59752655029297,4627300
2014-08-21,109.95999908447266,109.98999786376953,108.9000015258789,109.44000244140625,89.26310729980469,4642900
2014-08-22,109.05999755859375,109.70999908447266,108.05999755859375,109.02999877929688,88.92869567871094,4162600
2014-08-25,109.66999816894531,110.5,109.33000183105469,110.22000122070312,89.89932250976562,4497400
2014-08-26,110.75,111.87999725341797,110.68000030517578,111.0199966430664,90.55182647705078,4827000
2014-08-27,111.4800033569336,112.0,110.5199966430664,111.04000091552734,90.568115234375,4339700
2014-08-28,110.83999633789062,110.83999633789062,110.01000213623047,110.16000366210938,89.85037994384766,3515800
2014-08-29,110.29000091552734,110.37999725341797,109.16999816894531,109.63999938964844,89.75214385986328,4594700
2014-09-02,109.62999725341797,109.66000366210938,107.5199966430664,108.05999755859375,88.458740234375,6242700
2014-09-03,109.25,109.93000030517578,108.11000061035156,108.16999816894531,88.54877471923828,4598900
2014-09-04,108.23999786376953,108.2699966430664,105.08999633789062,105.63999938964844,86.47772216796875,7410500
2014-09-05,106.02999877929688,106.79000091552734,104.88999938964844,106.76000213623047,87.3945541381836,5971700
2014-09-08,105.91999816894531,105.98999786376953,103.7699966430664,104.48999786376953,85.53633880615234,7000000
2014-09-09,104.66999816894531,105.41999816894531,103.26000213623047,103.97000122070312,85.11063385009766,6221300
2014-09-10,104.06999969482422,104.43000030517578,102.75,104.2699966430664,85.3562240600586,5709500
2014-09-11,103.22000122070312,104.9000015258789,103.0,104.44999694824219,85.50359344482422,5823100
2014-09-12,103.7300033569336,104.08000183105469,102.08999633789062,102.22000122070312,83.67806243896484,7383100
2014-09-15,102.02999877929688,103.5999984741211,101.8499984741211,103.05000305175781,84.35751342773438,5737800
2014-09-16,102.87000274658203,105.8499984741211,102.86000061035156,104.95999908447266,85.92105102539062,6676400
2014-09-17,105.41000366210938,105.81999969482422,103.0999984741211,103.30999755859375,84.57035064697266,8185000
2014-09-18,103.77999877929688,104.94000244140625,103.31999969482422,104.47000122070312,85.51995849609375,6514100
2014-09-19,104.56999969482422,105.18000030517578,103.20999908447266,103.20999908447266,84.4885025024414,9520200
2014-09-22,103.23999786376953,103.23999786376953,101.23999786376953,101.72000122070312,83.26874542236328,5644100
2014-09-23,101.80999755859375,103.06999969482422,101.25,102.08999633789062,83.57166290283203,4969000
2014-09-24,102.20999908447266,102.77999877929688,100.30000305175781,102.06999969482422,83.5552978515625,6742900
2014-09-25,103.38999938964844,103.43000030517578,100.37000274658203,101.01000213623047,82.68757629394531,7353300
2014-09-26,101.3499984741211,103.62000274658203,100.8499984741211,103.45999908447266,84.69315338134766,6353800
2014-09-29,102.25,103.63999938964844,101.62000274658203,103.27999877929688,84.54582214355469,7040600
2014-09-30,103.62999725341797,104.37999725341797,101.31999969482422,101.69000244140625,83.24420166015625,8082800
2014-10-01,101.41000366210938,102.4000015258789,98.37999725341797,98.8499984741211,80.91936492919922,8674100
2014-10-02,98.13999938964844,98.44999694824219,96.80000305175781,97.77999877929688,80.04344940185547,10864100
2014-10-03,98.23999786376953,98.44999694824219,96.55000305175781,97.9000015258789,80.14167022705078,6807000
2014-10-06,98.37999725341797,99.81999969482422,97.62999725341797,98.55999755859375,80.68197631835938,6058800
2014-10-07,98.18000030517578,100.18000030517578,97.55000305175781,98.2300033569336,80.4118423461914,9573500
2014-10-08,97.69999694824219,98.52999877929688,95.75,98.44000244140625,80.58374786376953,10521000
2014-10-09,97.95999908447266,97.97000122070312,94.69999694824219,94.91999816894531,77.70223236083984,14844800
2014-10-10,94.0999984741211,94.97000122070312,92.06999969482422,93.06999969482422,76.18782806396484,13965100
2014-10-13,92.83000183105469,94.2300033569336,90.73999786376953,90.93000030517578,74.43600463867188,13965300
2014-10-14,91.0999984741211,92.5199966430664,88.20999908447266,88.95999908447266,72.82333374023438,14772500
2014-10-15,87.9000015258789,89.77999877929688,86.19999694824219,89.20999908447266,73.02799224853516,18304100
2014-10-16,86.75,91.22000122070312,86.0,90.63999938964844,74.19860076904297,15422000
2014-10-17,97.30999755859375,98.44000244140625,93.08000183105469,93.97000122070312,76.924560546875,17948500
2014-10-20,94.5199966430664,94.94000244140625,93.75,94.5999984741211,77.44027709960938,8209900
2014-10-21,96.95999908447266,97.75,95.66999816894531,97.75,80.01890563964844,9180700
2014-10-22,98.18000030517578,98.66000366210938,95.93000030517578,95.98999786376953,78.57816314697266,8312300
2014-10-23,98.20999908447266,99.4000015258789,97.06999969482422,98.26000213623047,80.43638610839844,7767700
2014-10-24,98.19999694824219,98.19999694824219,96.27999877929688,97.23999786376953,79.6014175415039,7489500
2014-10-27,95.30999755859375,95.30999755859375,92.44999694824219,93.5199966430664,76.5561752319336,15256800
2014-10-28,94.2300033569336,96.75,93.54000091552734,96.51000213623047,79.00382232666016,8323400
2014-10-29,97.87000274658203,98.66000366210938,96.44999694824219,97.41000366210938,79.74058532714844,7375200
2014-10-30,96.87999725341797,97.91000366210938,96.02999877929688,97.62000274658203,79.9124526977539,5104700
2014-10-31,96.80000305175781,98.80000305175781,96.54000091552734,98.66000366210938,80.76383209228516,8293900
2014-11-03,98.0199966430664,99.18000030517578,96.16000366210938,96.5199966430664,79.01200103759766,7732700
2014-11-04,95.5199966430664,95.5199966430664,93.44000244140625,94.16000366210938,77.08009338378906,9568200
2014-11-05,94.58000183105469,97.1500015258789,94.1500015258789,96.63999938964844,79.1102523803711,7443600
2014-11-06,95.5,97.08000183105469,94.0999984741211,96.9800033569336,79.3885726928711,9507500
2014-11-07,97.38999938964844,99.93000030517578,97.2699966430664,98.7300033569336,80.82115173339844,7826000
2014-11-10,99.44999694824219,100.54000091552734,98.18000030517578,98.29000091552734,80.46095275878906,7972900
2014-11-11,98.37000274658203,98.48999786376953,96.75,98.36000061035156,80.51824951171875,6111500
2014-11-12,97.75,99.69000244140625,97.23999786376953,97.43000030517578,79.7569351196289,6683300
2014-11-13,96.61000061035156,97.47000122070312,92.72000122070312,94.8499984741211,77.64493560791016,18117300
2014-11-14,96.26000213623047,96.8499984741211,94.41999816894531,95.31999969482422,78.02967834472656,11825000
2014-11-17,95.25,96.5,94.94000244140625,95.62999725341797,78.28345489501953,8499600
2014-11-18,96.66999816894531,96.66999816894531,94.94999694824219,95.27999877929688,77.9969253540039,5971400
2014-11-19,95.12000274658203,95.75,93.93000030517578,95.0,77.76771545410156,6553200
2014-11-20,95.0,96.25,94.66000366210938,96.13999938964844,78.70093536376953,8198700
2014-11-21,98.08000183105469,98.75,96.80000305175781,97.87000274658203,80.11713409423828,9293900
2014-11-24,98.70999908447266,99.20999908447266,97.97000122070312,98.44999694824219,80.59191131591797,10324700
2014-11-25,98.80999755859375,99.0199966430664,95.05000305175781,95.19999694824219,77.93144989013672,10729600
2014-11-26,94.83000183105469,94.91000366210938,92.30000305175781,92.80999755859375,75.97498321533203,9882600
2014-11-28,86.30000305175781,86.68000030517578,83.25,85.94999694824219,70.35932922363281,18876100
2014-12-01,84.52999877929688,85.81999969482422,82.66000366210938,84.83999633789062,69.775390625,18083200
2014-12-02,85.05999755859375,86.0999984741211,83.83000183105469,85.22000122070312,70.08790588378906,13759400
2014-12-03,85.7699966430664,87.16999816894531,85.0999984741211,86.76000213623047,71.35448455810547,11464800
2014-12-04,86.08000183105469,88.16000366210938,85.4000015258789,87.43000030517578,71.90550231933594,9000100
2014-12-05,87.20999908447266,88.16000366210938,86.0,87.16000366210938,71.6834487915039,8983600
2014-12-08,86.04000091552734,86.18000030517578,83.91000366210938,84.20999908447266,69.25724792480469,11306800
2014-12-09,83.30999755859375,85.52999877929688,82.9000015258789,85.47000122070312,70.29354095458984,10595600
2014-12-10,83.98999786376953,84.05999755859375,82.12999725341797,83.16999816894531,68.40193939208984,11166500
2014-12-11,82.94999694824219,85.19999694824219,82.75,83.01000213623047,68.27034759521484,12332600
2014-12-12,82.05000305175781,82.8499984741211,79.7300033569336,80.0,65.79480743408203,17708800
2014-12-15,80.23999786376953,81.83000183105469,79.83999633789062,79.9000015258789,65.71257781982422,11164500
2014-12-16,78.87000274658203,83.41000366210938,78.47000122070312,80.19000244140625,65.9510726928711,16034600
2014-12-17,81.16999816894531,84.43000030517578,80.25,82.87999725341797,68.1634292602539,13900600
2014-12-18,85.25,85.5199966430664,82.06999969482422,84.2300033569336,69.27371978759766,13255300
2014-12-19,84.30999755859375,87.72000122070312,84.0199966430664,87.5199966430664,71.9795150756836,15493800
2014-12-22,87.33999633789062,87.80000305175781,85.9000015258789,86.75,71.34626007080078,10563800
2014-12-23,87.0999984741211,87.69000244140625,86.26000213623047,87.31999969482422,71.81504821777344,8377900
2014-12-24,86.76000213623047,87.63999938964844,85.5999984741211,87.05999755859375,71.6011962890625,3624100
2014-12-26,87.55000305175781,88.02999877929688,86.5199966430664,87.12999725341797,71.65877532958984,4835500
2014-12-29,87.4000015258789,88.08999633789062,86.55999755859375,87.3499984741211,71.83970642089844,5872800
2014-12-30,87.05999755859375,87.19999694824219,86.05000305175781,86.44000244140625,71.09130859375,6116200
2014-12-31,85.72000122070312,86.43000030517578,84.80000305175781,85.41000366210938,70.24418640136719,5346800
2015-01-02,84.80999755859375,86.19999694824219,84.62000274658203,85.66999816894531,70.45801544189453,5500800
2015-01-05,84.4000015258789,84.4000015258789,82.58999633789062,83.3499984741211,68.54998016357422,10039400
2015-01-06,82.94000244140625,83.36000061035156,80.66000366210938,81.72000122070312,67.20938110351562,9758400
2015-01-07,82.55000305175781,82.66000366210938,80.52999877929688,81.70999908447266,67.201171875,7951600
2015-01-08,82.48999786376953,83.29000091552734,81.94000244140625,82.69999694824219,68.01537322998047,7911600
2015-01-09,83.27999877929688,83.37000274658203,80.58000183105469,81.22000122070312,66.79818725585938,7652400
2015-01-12,79.12999725341797,79.12999725341797,76.7300033569336,78.05000305175781,64.19107055664062,13257100
2015-01-13,78.0,79.0,77.02999877929688,77.77999877929688,63.96898651123047,11931600
2015-01-14,75.98999786376953,78.55999755859375,75.5999984741211,78.38999938964844,64.47068786621094,12226700
2015-01-15,78.73999786376953,79.16000366210938,76.43000030517578,76.62999725341797,63.02320861816406,10918900
2015-01-16,77.4800033569336,81.5199966430664,77.47000122070312,81.33000183105469,66.88865661621094,17587500
2015-01-20,80.37999725341797,80.94000244140625,78.9000015258789,80.4800033569336,66.18958282470703,10948600
2015-01-21,80.41999816894531,82.63999938964844,79.5999984741211,82.20999908447266,67.61239624023438,9178800
2015-01-22,82.94000244140625,83.12000274658203,80.70999908447266,82.13999938964844,67.55481719970703,9040000
2015-01-23,81.93000030517578,83.19999694824219,81.5999984741211,82.0,67.43968200683594,8032800
2015-01-26,82.05999755859375,84.0999984741211,81.55000305175781,83.68000030517578,68.8213882446289,7060500
2015-01-27,82.72000122070312,85.0,82.72000122070312,84.55000305175781,69.53687286376953,7332800
2015-01-28,84.19999694824219,84.23999786376953,80.52999877929688,80.75,66.41162109375,10041700
2015-01-29,81.16000366210938,82.05999755859375,79.5199966430664,81.9000015258789,67.35742950439453,9037300
2015-01-30,81.33999633789062,83.81999969482422,80.7699966430664,82.38999938964844,67.76042938232422,9947200
2015-02-02,83.98999786376953,84.75,82.5,84.63999938964844,69.61090850830078,9426800
2015-02-03,85.98999786376953,88.08000183105469,85.87000274658203,87.08000183105469,71.6176528930664,15913300
2015-02-04,85.75,85.87000274658203,83.63999938964844,84.55000305175781,69.53687286376953,12071700
2015-02-05,85.63999938964844,86.44000244140625,84.91000366210938,85.91999816894531,70.66361999511719,7749700
2015-02-06,86.81999969482422,87.41999816894531,85.80000305175781,86.16000366210938,70.86100769042969,8577800
2015-02-09,86.16000366210938,86.87000274658203,85.52999877929688,85.81999969482422,70.99337005615234,7614600
2015-02-10,85.77999877929688,86.0999984741211,84.02999877929688,85.22000122070312,70.49702453613281,7217600
2015-02-11,83.9000015258789,85.33000183105469,83.5,84.7300033569336,70.09169006347656,6630800
2015-02-12,86.16000366210938,87.4000015258789,85.4800033569336,85.95999908447266,71.10917663574219,6561100
2015-02-13,87.37000274658203,88.52999877929688,86.95999908447266,88.37999725341797,73.111083984375,7562900
2015-02-17,88.43000030517578,89.0,87.27999877929688,88.88999938964844,73.5329818725586,7958300
2015-02-18,88.12000274658203,88.33000183105469,87.3499984741211,87.73999786376953,72.5816650390625,7182100
2015-02-19,85.23999786376953,87.58000183105469,85.12000274658203,86.9800033569336,71.9529800415039,6764800
2015-02-20,86.66999816894531,87.23999786376953,85.25,85.87999725341797,71.04300689697266,8123200
2015-02-23,84.79000091552734,86.19000244140625,84.38999938964844,85.54000091552734,70.76175689697266,6033800
2015-02-24,86.58999633789062,86.7300033569336,84.52999877929688,85.30999755859375,70.57146453857422,8430700
2015-02-25,85.38999938964844,85.63999938964844,84.55000305175781,85.20999908447266,70.48875427246094,5597000
2015-02-26,84.4800033569336,84.62000274658203,83.2699966430664,83.88999938964844,69.39680480957031,8485400
2015-02-27,83.97000122070312,84.76000213623047,83.97000122070312,84.16000366210938,69.62018585205078,7836000
2015-03-02,83.69000244140625,84.86000061035156,83.16000366210938,84.62000274658203,70.00069427490234,7725600
2015-03-03,84.86000061035156,85.5,83.97000122070312,84.91000366210938,70.24059295654297,6774800
2015-03-04,85.05999755859375,85.29000091552734,83.76000213623047,85.13999938964844,70.43084716796875,8229900
2015-03-05,84.33999633789062,85.08000183105469,83.91999816894531,84.81999969482422,70.1661605834961,5798200
2015-03-06,84.0199966430664,84.4800033569336,82.9000015258789,83.11000061035156,68.7515640258789,9674500
2015-03-09,82.87000274658203,83.38999938964844,82.05000305175781,82.36000061035156,68.13111877441406,6296400
2015-03-10,81.31999969482422,82.44999694824219,81.23999786376953,81.30999755859375,67.26252746582031,8140600
2015-03-11,81.44000244140625,81.91999816894531,81.13999938964844,81.2699966430664,67.22943115234375,6157000
2015-03-12,81.45999908447266,81.63999938964844,80.7699966430664,80.94000244140625,66.95645904541016,7630200
2015-03-13,80.23999786376953,80.9000015258789,79.66999816894531,80.41999816894531,66.52629852294922,8836700
2015-03-16,79.91000366210938,81.4000015258789,79.66999816894531,81.26000213623047,67.22118377685547,8265500
2015-03-17,80.3499984741211,81.08999633789062,79.98999786376953,80.47000122070312,66.56765747070312,7954600
2015-03-18,80.05999755859375,82.66000366210938,79.38999938964844,82.05000305175781,67.87469482421875,11542100
2015-03-19,80.7300033569336,81.9000015258789,80.61000061035156,81.01000213623047,67.0143814086914,8425600
2015-03-20,81.61000061035156,83.18000030517578,81.54000091552734,82.37000274658203,68.13939666748047,14383800
2015-03-23,82.48999786376953,83.56999969482422,82.0,82.0,67.83334350585938,8932100
2015-03-24,81.9000015258789,82.51000213623047,81.66000366210938,81.8499984741211,67.7092514038086,6446100
2015-03-25,82.6500015258789,84.12000274658203,82.31999969482422,83.29000091552734,68.90045166015625,8243100
2015-03-26,84.0,84.5999984741211,82.76000213623047,83.16000366210938,68.79293060302734,8150500
2015-03-27,83.01000213623047,83.47000122070312,82.31999969482422,83.30999755859375,68.91699981689453,5729100
2015-03-30,83.87999725341797,84.7300033569336,83.41000366210938,84.4800033569336,69.88488006591797,6537900
2015-03-31,83.72000122070312,84.26000213623047,83.3499984741211,83.44000244140625,69.02455139160156,7304700
2015-04-01,84.0,84.80000305175781,83.5999984741211,84.27999877929688,69.71942901611328,7808400
2015-04-02,84.08999633789062,85.43000030517578,83.88999938964844,84.38999938964844,69.81043243408203,6039400
2015-04-06,84.95999908447266,87.04000091552734,84.80999755859375,85.91000366210938,71.06781768798828,8092500
2015-04-07,86.13999938964844,86.98999786376953,85.25,86.2699966430664,71.36561584472656,7175700
2015-04-08,86.55999755859375,87.08000183105469,85.26000213623047,86.12000274658203,71.24153900146484,8739200
2015-04-09,86.37999725341797,88.93000030517578,86.26000213623047,88.44999694824219,73.16901397705078,9207300
2015-04-10,88.77999877929688,89.37000274658203,88.19999694824219,89.11000061035156,73.71498107910156,7315700
2015-04-13,88.9800033569336,89.30000305175781,87.76000213623047,88.0199966430664,72.81328582763672,7936900
2015-04-14,88.58999633789062,89.33999633789062,88.3499984741211,88.80000305175781,73.45853424072266,12053100
2015-04-15,89.45999908447266,92.0,88.9000015258789,92.0,76.10569763183594,13207800
2015-04-16,91.25,93.26000213623047,90.2300033569336,91.88999938964844,76.01469421386719,17143200
2015-04-17,94.11000061035156,94.88999938964844,91.54000091552734,92.86000061035156,76.81710815429688,20002600
2015-04-20,92.58000183105469,93.80000305175781,92.20999908447266,92.47000122070312,76.49447631835938,8938000
2015-04-21,92.45999908447266,92.68000030517578,90.61000061035156,91.29000091552734,75.51834869384766,6850200
2015-04-22,91.87000274658203,92.45999908447266,91.11000061035156,92.16000366210938,76.23804473876953,5910200
2015-04-23,92.31999969482422,93.94000244140625,92.31999969482422,93.05000305175781,76.97428894042969,6192500
2015-04-24,92.51000213623047,92.69000244140625,91.16000366210938,91.61000061035156,75.7830581665039,7604000
2015-04-27,92.18000030517578,92.58999633789062,91.44999694824219,92.33000183105469,76.37869262695312,7422500
2015-04-28,92.08999633789062,92.80000305175781,91.4800033569336,92.66000366210938,76.65167236328125,4480500
2015-04-29,92.58000183105469,94.4000015258789,91.9000015258789,94.27999877929688,77.99178314208984,8134100
2015-04-30,94.2300033569336,95.12999725341797,93.43000030517578,94.61000061035156,78.26478576660156,8166600
2015-05-01,94.4800033569336,94.88999938964844,92.80999755859375,93.0,76.93295288085938,6926700
2015-05-04,94.18000030517578,94.18000030517578,92.37999725341797,92.9800033569336,76.91638946533203,4993700
2015-05-05,93.66000366210938,94.41000366210938,92.02999877929688,92.04000091552734,76.1387939453125,7349800
2015-05-06,92.70999908447266,93.56999969482422,91.55000305175781,92.2699966430664,76.32902526855469,6665500
2015-05-07,91.61000061035156,91.68000030517578,89.56999969482422,90.2300033569336,74.64146423339844,8670100
2015-05-08,91.31999969482422,92.55999755859375,90.12999725341797,92.43000030517578,76.4614028930664,6078900
2015-05-11,93.38999938964844,93.41000366210938,91.66999816894531,91.7699966430664,75.91541290283203,7335800
2015-05-12,91.37999725341797,92.94000244140625,91.13999938964844,92.47000122070312,76.49447631835938,5088100
2015-05-13,93.12000274658203,93.16999816894531,91.7699966430664,92.51000213623047,76.52757263183594,5913600
2015-05-14,92.80000305175781,93.25,91.9000015258789,92.16999816894531,76.246337890625,5266400
2015-05-15,91.8499984741211,92.69000244140625,91.16999816894531,92.13999938964844,76.22151947021484,4640500
2015-05-18,91.95999908447266,93.0,91.6500015258789,92.75,76.72611236572266,4023600
2015-05-19,91.73999786376953,91.73999786376953,89.94000244140625,90.55999755859375,74.91444396972656,6213000
2015-05-20,90.69999694824219,91.18000030517578,89.81999969482422,90.75,75.0716323852539,4476300
2015-05-21,91.36000061035156,92.66999816894531,90.77999877929688,92.02999877929688,76.13050842285156,5117000
2015-05-22,91.45999908447266,92.3499984741211,90.7699966430664,92.0199966430664,76.12224578857422,4104200
2015-05-26,91.12000274658203,91.69000244140625,90.25,90.73999786376953,75.06336212158203,6106700
2015-05-27,90.08999633789062,91.69000244140625,90.08999633789062,91.0,75.27845764160156,5406800
2015-05-28,90.66000366210938,90.83999633789062,89.72000122070312,90.6500015258789,74.98890686035156,4400300
2015-05-29,91.0199966430664,91.6500015258789,90.76000213623047,90.7699966430664,75.08817291259766,6089700
2015-06-01,90.19000244140625,91.05000305175781,89.68000030517578,90.6500015258789,75.404296875,5003300
2015-06-02,91.05999755859375,92.61000061035156,90.75,91.5,76.111328125,5290600
2015-06-03,91.27999877929688,92.47000122070312,91.08000183105469,91.36000061035156,75.99486541748047,3967200
2015-06-04,90.83999633789062,91.33999633789062,90.0,90.06999969482422,74.92183685302734,6451800
2015-06-05,89.69000244140625,91.72000122070312,89.54000091552734,90.16999816894531,75.00498962402344,7120000
2015-06-08,89.83000183105469,90.66999816894531,89.13999938964844,89.37000274658203,74.33954620361328,7115200
2015-06-09,90.16000366210938,90.62999725341797,89.79000091552734,89.86000061035156,74.74713134765625,5077800
2015-06-10,90.9800033569336,91.83000183105469,90.7300033569336,91.62999725341797,76.2194595336914,6045600
2015-06-11,91.62999725341797,91.68000030517578,90.55000305175781,90.66999816894531,75.42090606689453,5134600
2015-06-12,90.23999786376953,90.5999984741211,89.81999969482422,90.1500015258789,74.9883804321289,3997800
2015-06-15,89.41000366210938,89.80000305175781,88.69999694824219,89.43000030517578,74.38945007324219,5330500
2015-06-16,89.5999984741211,89.77999877929688,89.0999984741211,89.69000244140625,74.60575103759766,3731700
2015-06-17,90.02999877929688,90.62000274658203,89.19999694824219,89.66999816894531,74.58909606933594,4656400
2015-06-18,90.08999633789062,90.55000305175781,88.5999984741211,88.62999725341797,73.7239990234375,7862800
2015-06-19,87.56999969482422,87.7699966430664,86.2300033569336,86.62000274658203,72.05205535888672,13888600
2015-06-22,86.91000366210938,87.23999786376953,85.80000305175781,86.97000122070312,72.34319305419922,7415400
2015-06-23,86.68000030517578,88.08999633789062,86.48999786376953,88.0,73.1999740600586,5931000
2015-06-24,87.26000213623047,88.12000274658203,87.02999877929688,87.51000213623047,72.7923583984375,6565600
2015-06-25,87.36000061035156,87.72000122070312,86.66999816894531,86.66999816894531,72.09363555908203,5865800
2015-06-26,86.38999938964844,87.31999969482422,86.06999969482422,86.66999816894531,72.09363555908203,25487300
2015-06-29,85.5999984741211,86.61000061035156,85.55000305175781,85.66000366210938,71.25350952148438,7008400
2015-06-30,86.37999725341797,86.48999786376953,85.01000213623047,86.19000244140625,71.6943588256836,8043500
2015-07-01,86.41999816894531,86.69000244140625,83.91999816894531,84.30000305175781,70.12223815917969,10109000
2015-07-02,84.5999984741211,84.88999938964844,83.94000244140625,84.01000213623047,69.88099670410156,7607200
2015-07-06,82.87000274658203,84.2300033569336,82.4000015258789,83.48999786376953,69.44845581054688,7612700
2015-07-07,83.62999725341797,84.63999938964844,82.22000122070312,84.19999694824219,70.03904724121094,9442300
2015-07-08,83.94000244140625,84.45999908447266,82.58000183105469,82.91999816894531,68.9743423461914,6747000
2015-07-09,84.27999877929688,84.33999633789062,83.33000183105469,83.55000305175781,69.49838256835938,7410500
2015-07-10,84.27999877929688,84.55000305175781,83.23999786376953,83.95999908447266,69.83940124511719,6512200
2015-07-13,84.0199966430664,84.4800033569336,83.47000122070312,84.29000091552734,70.1139144897461,5613700
2015-07-14,84.4000015258789,86.11000061035156,84.18000030517578,85.29000091552734,70.94572448730469,6151600
2015-07-15,84.76000213623047,84.9800033569336,83.5199966430664,83.62999725341797,69.56491088867188,8792900
2015-07-16,84.58000183105469,84.76000213623047,83.66999816894531,83.88999938964844,69.78118896484375,6623500
2015-07-17,84.20999908447266,84.94999694824219,83.16999816894531,83.70999908447266,69.63145446777344,9097800
2015-07-20,84.23999786376953,84.52999877929688,83.44999694824219,83.5199966430664,69.47341918945312,7110800
2015-07-21,83.37999725341797,85.29000091552734,83.12000274658203,84.30000305175781,70.12223815917969,7809200
2015-07-22,83.9800033569336,85.86000061035156,83.55000305175781,85.26000213623047,70.92079162597656,10589000
2015-07-23,85.2300033569336,86.61000061035156,84.91999816894531,86.0199966430664,71.55293273925781,6419300
2015-07-24,85.75,85.80999755859375,82.66000366210938,82.9000015258789,68.95771026611328,8745800
2015-07-27,82.0,82.5,81.25,81.76000213623047,68.00941467285156,7186200
2015-07-28,82.54000091552734,83.05999755859375,81.1500015258789,82.5,68.62495422363281,8330600
2015-07-29,82.0,84.2699966430664,81.91999816894531,83.88999938964844,69.78118896484375,8491100
2015-07-30,84.05999755859375,84.41999816894531,83.08000183105469,83.5199966430664,69.47341918945312,4653500
2015-07-31,83.0999984741211,83.51000213623047,82.62999725341797,82.81999969482422,68.89115905761719,5568600
2015-08-03,82.04000091552734,83.1500015258789,81.66000366210938,82.08000183105469,68.2756118774414,6808800
2015-08-04,82.33999633789062,83.0,81.87000274658203,82.2699966430664,68.43363952636719,4707300
2015-08-05,82.94000244140625,83.94999694824219,82.12999725341797,82.5,68.62495422363281,5812500
2015-08-06,82.12999725341797,84.19000244140625,81.75,83.58999633789062,69.53164672851562,8265700
2015-08-07,83.22000122070312,83.8499984741211,81.94999694824219,82.25,68.4170150756836,6275900
2015-08-10,82.19999694824219,84.4800033569336,82.16000366210938,84.44000244140625,70.23869323730469,6776600
2015-08-11,82.97000122070312,84.44999694824219,82.55999755859375,84.36000061035156,70.17215728759766,6088400
2015-08-12,83.98999786376953,85.04000091552734,82.87000274658203,84.83000183105469,70.56310272216797,6682100
2015-08-13,84.38999938964844,84.69000244140625,83.44000244140625,84.08999633789062,69.94756317138672,5908500
2015-08-14,84.0199966430664,85.12000274658203,83.5199966430664,83.86000061035156,69.75623321533203,4201500
2015-08-17,83.05999755859375,83.8499984741211,83.05999755859375,83.5,69.456787109375,4845400
2015-08-18,83.55000305175781,83.77999877929688,82.62000274658203,83.1500015258789,69.16563415527344,5106500
2015-08-19,82.37000274658203,82.94000244140625,80.4000015258789,80.66999816894531,67.10272979736328,9410300
2015-08-20,80.47000122070312,81.83000183105469,79.44000244140625,79.44000244140625,66.07959747314453,8483800
2015-08-21,78.80000305175781,79.9000015258789,77.5,77.5,64.46587371826172,11130500
2015-08-24,73.91999816894531,76.30000305175781,73.0199966430664,73.87000274658203,61.446372985839844,17350900
2015-08-25,76.5999984741211,76.61000061035156,72.5,72.5199966430664,60.32341003417969,12085200
2015-08-26,72.5199966430664,72.5199966430664,68.01000213623047,70.08999633789062,58.302093505859375,58004300
2015-08-27,72.30000305175781,73.98999786376953,70.9000015258789,73.8499984741211,61.429752349853516,28622100
2015-08-28,74.0999984741211,76.86000061035156,73.27999877929688,76.05999755859375,63.26806640625,15702900
2015-08-31,75.12999725341797,77.70999908447266,74.61000061035156,77.37000274658203,64.78360748291016,17008400
2015-09-01,75.30000305175781,76.56999969482422,74.83999633789062,75.41999816894531,63.56159591674805,14970000
2015-09-02,76.66000366210938,76.9000015258789,73.86000061035156,75.41000366210938,63.553165435791016,12993100
2015-09-03,76.16000366210938,77.5199966430664,75.0199966430664,76.26000213623047,64.26953125,11091000
2015-09-04,75.12999725341797,75.38999938964844,74.41999816894531,75.0,63.2076416015625,9072100
2015-09-08,75.30000305175781,75.86000061035156,74.73999786376953,75.54000091552734,63.66272735595703,7189500
2015-09-09,75.66000366210938,77.23999786376953,74.23999786376953,74.4000015258789,62.70195770263672,10927200
2015-09-10,74.55000305175781,74.83999633789062,72.88999938964844,74.06999969482422,62.42385482788086,8261000
2015-09-11,73.47000122070312,73.72000122070312,72.2699966430664,73.69999694824219,62.112022399902344,8359800
2015-09-14,73.4000015258789,73.4000015258789,72.3499984741211,72.83999633789062,61.38723373413086,5997600
2015-09-15,73.27999877929688,73.81999969482422,72.69999694824219,73.58999633789062,62.01933670043945,8408800
2015-09-16,74.22000122070312,76.5,73.98999786376953,76.16000366210938,64.18522644042969,7685200
2015-09-17,76.16000366210938,76.81999969482422,75.08000183105469,75.30000305175781,63.460472106933594,8500100
2015-09-18,73.9800033569336,74.0999984741211,72.19999694824219,72.54000091552734,61.13440704345703,12646500
2015-09-21,73.26000213623047,73.4800033569336,72.27999877929688,72.87000274658203,61.412540435791016,5935900
2015-09-22,71.5199966430664,73.12000274658203,71.5,72.56999969482422,61.159690856933594,5894900
2015-09-23,73.20999908447266,73.37999725341797,71.9000015258789,71.94000244140625,60.62875747680664,5726700
2015-09-24,71.38999938964844,73.41999816894531,71.11000061035156,72.69000244140625,61.26084518432617,7655300
2015-09-25,73.25,73.30999755859375,72.2300033569336,72.9000015258789,61.43782043457031,5655600
2015-09-28,71.6500015258789,71.72000122070312,69.31999969482422,69.37000274658203,58.46284866333008,9189100
2015-09-29,69.61000061035156,69.88999938964844,68.02999877929688,69.0999984741211,58.23529815673828,11467000
2015-09-30,69.27999877929688,69.80000305175781,67.75,68.97000122070312,58.12574005126953,11785800
2015-10-01,70.11000061035156,70.98999786376953,67.41000366210938,67.6500015258789,57.01327896118164,12055400
2015-10-02,66.93000030517578,70.44999694824219,66.56999969482422,70.31999969482422,59.263465881347656,12738800
2015-10-05,71.25,72.7300033569336,71.05000305175781,72.08999633789062,60.75518035888672,8800800
2015-10-06,72.30000305175781,74.41000366210938,71.87999725341797,73.94000244140625,62.31430435180664,11672500
2015-10-07,75.43000030517578,76.9000015258789,74.55000305175781,75.3499984741211,63.50261306762695,12631100
2015-10-08,75.27999877929688,76.93000030517578,74.41000366210938,76.63999938964844,64.58976745605469,8446600
2015-10-09,77.1500015258789,77.37000274658203,75.86000061035156,76.36000061035156,64.35380554199219,6842500
2015-10-12,76.6500015258789,76.6500015258789,74.2699966430664,74.94000244140625,63.157066345214844,7575700
2015-10-13,74.19000244140625,76.08000183105469,74.0,74.63999938964844,62.904232025146484,6666300
2015-10-14,74.5999984741211,75.33999633789062,73.7699966430664,75.01000213623047,63.216068267822266,7187800
2015-10-15,75.36000061035156,76.2699966430664,73.87999725341797,76.16000366210938,64.18522644042969,11034700
2015-10-16,75.75,75.80000305175781,72.48999786376953,74.51000213623047,62.794681549072266,17828700
2015-10-19,73.3499984741211,75.41999816894531,73.20999908447266,74.13999938964844,62.48284912109375,7586000
2015-10-20,73.88999938964844,76.08999633789062,73.8499984741211,75.55000305175781,63.67115783691406,8901400
2015-10-21,75.30000305175781,76.9800033569336,75.11000061035156,75.62999725341797,63.73856735229492,7928600
2015-10-22,76.37000274658203,78.5199966430664,76.23999786376953,78.26000213623047,65.95504760742188,9091200
2015-10-23,77.83999633789062,79.23999786376953,77.4000015258789,78.3499984741211,66.03089904785156,8867400
2015-10-26,78.05999755859375,78.1500015258789,76.97000122070312,77.1500015258789,65.01958465576172,7887200
2015-10-27,75.45999908447266,77.41999816894531,75.3499984741211,76.94999694824219,64.85103607177734,9291600
2015-10-28,77.8499984741211,79.70999908447266,77.19999694824219,79.12999725341797,66.68826293945312,11293200
2015-10-29,78.7300033569336,79.94999694824219,78.37000274658203,78.69000244140625,66.31743621826172,6612800
2015-10-30,78.63999938964844,78.88999938964844,76.66000366210938,78.16000366210938,65.87077331542969,9474800
2015-11-02,77.6500015258789,79.7300033569336,77.44999694824219,79.43000030517578,66.94110870361328,8480100
2015-11-03,79.87000274658203,82.43000030517578,79.69000244140625,81.5199966430664,68.70247650146484,10257000
2015-11-04,81.44999694824219,81.70999908447266,79.80000305175781,80.30999755859375,67.6827392578125,8788400
2015-11-05,79.73999786376953,80.72000122070312,78.61000061035156,78.80000305175781,66.41015625,6730900
2015-11-06,78.05000305175781,79.06999969482422,77.0,79.05999755859375,66.62926483154297,7444300
2015-11-09,78.81999969482422,79.29000091552734,77.33000183105469,77.91000366210938,65.66009521484375,5860000
2015-11-10,77.4000015258789,78.87000274658203,77.27999877929688,78.7699966430664,66.38485717773438,5949900
2015-11-11,78.4800033569336,78.58999633789062,76.76000213623047,77.62999725341797,65.4240951538086,5575200
2015-11-12,76.3499984741211,77.79000091552734,75.91000366210938,76.5999984741211,64.55606842041016,8141900
2015-11-13,76.25,77.04000091552734,75.70999908447266,76.13999938964844,64.16838073730469,7311400
2015-11-16,76.2699966430664,78.5,75.7699966430664,78.33000183105469,66.01404571533203,6662500
2015-11-17,78.04000091552734,78.33999633789062,76.66000366210938,76.73999786376953,64.67404174804688,5579200
2015-11-18,77.0,78.68000030517578,76.76000213623047,78.55000305175781,66.19945526123047,6955100
2015-11-19,77.7300033569336,78.69999694824219,77.62999725341797,77.91999816894531,65.66850280761719,6674600
2015-11-20,77.91999816894531,78.12999725341797,76.2300033569336,77.1500015258789,65.01958465576172,8480500
2015-11-23,76.69000244140625,77.41999816894531,76.30999755859375,77.22000122070312,65.07857513427734,5859600
2015-11-24,77.51000213623047,78.9800033569336,77.05000305175781,78.18000030517578,65.88763427734375,6960500
2015-11-25,77.43000030517578,78.5,76.45999908447266,77.52999877929688,65.33982849121094,4055400
2015-11-27,76.79000091552734,77.5,76.44000244140625,77.33000183105469,65.17127990722656,3147300
2015-11-30,77.08999633789062,77.87000274658203,76.81999969482422,77.1500015258789,65.4427261352539,7979400
2015-12-01,76.80999755859375,78.22000122070312,76.5,78.16999816894531,66.30794525146484,8172200
2015-12-02,77.38999938964844,78.19999694824219,75.62000274658203,75.80999755859375,64.3060531616211,9595000
2015-12-03,76.45999908447266,76.62000274658203,74.13999938964844,74.80999755859375,63.45780944824219,8292700
2015-12-04,73.83000183105469,75.05999755859375,73.16000366210938,74.70999908447266,63.37299346923828,8605300
2015-12-07,72.6500015258789,73.27999877929688,72.06999969482422,72.80000305175781,61.75282669067383,10563000
2015-12-08,71.22000122070312,72.98999786376953,69.69999694824219,71.5,60.650089263916016,8305200
2015-12-09,72.0999984741211,74.05000305175781,71.41999816894531,72.12000274658203,61.17601776123047,9310300
2015-12-10,71.79000091552734,73.2300033569336,71.4000015258789,71.4800033569336,60.63313674926758,7200900
2015-12-11,71.4800033569336,71.4800033569336,69.72000122070312,69.81999969482422,59.22501754760742,9436100
2015-12-14,69.37999725341797,70.52999877929688,69.11000061035156,70.0199966430664,59.394683837890625,11322500
2015-12-15,71.0,72.12999725341797,70.55999755859375,71.83999633789062,60.93850326538086,10511800
2015-12-16,71.5,72.30000305175781,70.7699966430664,71.22000122070312,60.4125862121582,7865600
2015-12-17,71.11000061035156,71.47000122070312,69.13999938964844,69.19999694824219,58.6991081237793,8278600
2015-12-18,69.04000091552734,69.16999816894531,67.33000183105469,67.33999633789062,57.1213493347168,15152600
2015-12-21,67.44000244140625,68.33999633789062,67.1500015258789,67.94999694824219,57.63877868652344,7861300
2015-12-22,68.41999816894531,69.7699966430664,68.16999816894531,69.48999786376953,58.94509506225586,7950900
2015-12-23,70.61000061035156,71.04000091552734,69.9800033569336,71.01000213623047,60.23445510864258,7757700
2015-12-24,70.9000015258789,71.20999908447266,70.37000274658203,70.52999877929688,59.82728958129883,2968800
2015-12-28,69.5199966430664,70.44999694824219,69.02999877929688,70.41999816894531,59.733978271484375,6616900
2015-12-29,71.68000030517578,71.8499984741211,69.9000015258789,70.51000213623047,59.81031799316406,6987000
2015-12-30,69.41000366210938,70.52999877929688,69.37999725341797,69.63999938964844,59.07233810424805,5744600
2015-12-31,69.37000274658203,70.37999725341797,69.0,69.75,59.165653228759766,5271100
2016-01-04,69.44999694824219,70.0199966430664,67.95999908447266,69.18000030517578,58.68214797973633,9160200
2016-01-05,69.33999633789062,69.83999633789062,68.08999633789062,69.5,58.95359420776367,6783600
2016-01-06,67.91999816894531,69.4000015258789,67.47000122070312,67.69999694824219,57.426727294921875,11923000
2016-01-07,66.2300033569336,67.76000213623047,65.80000305175781,66.19000244140625,56.1458740234375,12041000
2016-01-08,66.36000061035156,66.80999755859375,64.88999938964844,65.08000183105469,55.204307556152344,9657900
2016-01-11,65.19000244140625,65.47000122070312,63.790000915527344,64.83000183105469,54.992244720458984,8693100
2016-01-12,65.94999694824219,66.11000061035156,63.189998626708984,64.73999786376953,54.91590118408203,10189000
2016-01-13,65.5999984741211,66.3499984741211,63.5099983215332,63.95000076293945,54.245784759521484,12729900
2016-01-14,64.36000061035156,65.3499984741211,61.75,64.68000030517578,54.86500930786133,13814700
2016-01-15,62.060001373291016,63.83000183105469,61.709999084472656,63.0099983215332,53.44841766357422,14702300
2016-01-19,63.15999984741211,64.30000305175781,62.04999923706055,62.81999969482422,53.28725051879883,11463500
2016-01-20,61.400001525878906,62.27000045776367,59.599998474121094,61.060001373291016,51.79432678222656,16075400
2016-01-21,61.209999084472656,63.470001220703125,60.369998931884766,61.45000076293945,52.125144958496094,12999400
2016-01-22,64.5199966430664,66.25,62.970001220703125,65.19999694824219,55.30609893798828,19387700
2016-01-25,63.900001525878906,66.12999725341797,63.22999954223633,63.29999923706055,53.69441604614258,13865300
2016-01-26,64.38999938964844,65.7699966430664,63.41999816894531,65.33000183105469,55.41637420654297,13829900
2016-01-27,65.33999633789062,67.12999725341797,64.58000183105469,65.55000305175781,55.602996826171875,12629000
2016-01-28,68.2300033569336,69.5999984741211,67.23999786376953,69.51000213623047,58.96206283569336,16450700
2016-01-29,69.9800033569336,72.5,69.56999969482422,72.2699966430664,61.303253173828125,18255300
2016-02-01,71.12000274658203,71.66999816894531,70.04000091552734,71.45999908447266,60.61614990234375,12047100
2016-02-02,69.31999969482422,69.9800033569336,68.37000274658203,68.83999633789062,58.393733978271484,13600800
2016-02-03,70.02999877929688,70.86000061035156,67.63999938964844,70.83000183105469,60.081764221191406,12837100
2016-02-04,71.52999877929688,72.87000274658203,70.30999755859375,70.54000091552734,59.835758209228516,10892700
2016-02-05,69.73999786376953,70.06999969482422,68.08999633789062,68.80999755859375,58.368289947509766,16470500
2016-02-08,68.02999877929688,70.26000213623047,67.33999633789062,69.77999877929688,59.19108581542969,12547500
2016-02-09,68.91000366210938,69.70999908447266,67.0,67.80000305175781,57.511558532714844,11138200
2016-02-10,67.7699966430664,68.94999694824219,67.38999938964844,67.7300033569336,57.452178955078125,8324500
2016-02-11,66.30000305175781,69.44999694824219,66.0999984741211,68.83000183105469,58.385257720947266,12122900
2016-02-12,68.87999725341797,70.80999755859375,68.7699966430664,70.30999755859375,60.07707977294922,10756300
2016-02-16,71.3499984741211,72.23999786376953,70.38999938964844,71.75,61.307498931884766,9571800
2016-02-17,72.55000305175781,73.69000244140625,72.16999816894531,72.93000030517578,62.315773010253906,10132100
2016-02-18,73.7300033569336,73.7300033569336,72.31999969482422,72.68000030517578,62.10215759277344,8123700
2016-02-19,71.97000122070312,72.88999938964844,71.77999877929688,72.87000274658203,62.26450729370117,8339000
2016-02-22,73.81999969482422,74.62999725341797,73.58000183105469,74.37000274658203,63.546173095703125,7649900
2016-02-23,73.87999725341797,74.7699966430664,71.86000061035156,72.08000183105469,61.5894775390625,8201900
2016-02-24,70.88999938964844,72.31999969482422,70.4000015258789,72.20999908447266,61.70055389404297,7857700
2016-02-25,71.93000030517578,72.3499984741211,70.6500015258789,72.3499984741211,61.82018280029297,6358300
2016-02-26,73.12000274658203,73.61000061035156,72.19999694824219,72.47000122070312,61.9227294921875,6000700
2016-02-29,72.3499984741211,73.38999938964844,71.69000244140625,71.72000122070312,61.28187561035156,7726100
2016-03-01,72.45999908447266,74.05999755859375,72.27999877929688,74.01000213623047,63.238590240478516,8321000
2016-03-02,73.47000122070312,74.44000244140625,72.47000122070312,74.41000366210938,63.58036422729492,8584000
2016-03-03,74.04000091552734,74.97000122070312,73.77999877929688,74.8499984741211,63.95633316040039,7811500
2016-03-04,75.11000061035156,76.01000213623047,73.80999755859375,74.83000183105469,63.939239501953125,11415900
2016-03-07,74.30999755859375,76.16000366210938,73.25,76.16000366210938,65.07569122314453,9614000
2016-03-08,75.26000213623047,75.72000122070312,72.68000030517578,72.69999694824219,62.11924743652344,8727100
2016-03-09,73.75,73.93000030517578,72.5999984741211,72.75,62.16196823120117,6966600
2016-03-10,72.80000305175781,73.3499984741211,72.12000274658203,73.18000030517578,62.529380798339844,7058400
2016-03-11,73.9000015258789,75.13999938964844,73.30999755859375,75.0,64.08450317382812,8054500
2016-03-14,73.97000122070312,74.37000274658203,73.01000213623047,73.44000244140625,62.751556396484375,5949500
2016-03-15,72.4800033569336,73.25,71.94000244140625,73.2300033569336,62.57210922241211,6815400
2016-03-16,73.68000030517578,73.8499984741211,72.16000366210938,73.3499984741211,62.674652099609375,7173100
2016-03-17,74.11000061035156,75.0,73.54000091552734,74.54000091552734,63.69145202636719,7072100
2016-03-18,75.01000213623047,75.01000213623047,73.2699966430664,73.5199966430664,62.81990432739258,9549100
2016-03-21,72.37000274658203,75.04000091552734,72.18000030517578,74.88999938964844,63.99051284790039,7508500
2016-03-22,74.05000305175781,75.2300033569336,73.54000091552734,73.61000061035156,62.89680480957031,6230700
2016-03-23,73.04000091552734,73.5199966430664,72.62999725341797,72.95999908447266,62.34141159057617,5923600
2016-03-24,71.91000366210938,72.66000366210938,71.5,72.58000183105469,62.016719818115234,8185200
2016-03-28,72.88999938964844,73.02999877929688,71.9800033569336,72.80000305175781,62.20469665527344,8008800
2016-03-29,71.58000183105469,73.08999633789062,71.33999633789062,73.0,62.37558364868164,10450200
2016-03-30,73.66999816894531,74.62000274658203,73.2699966430664,74.41000366210938,63.58036422729492,8328700
2016-03-31,74.29000091552734,75.02999877929688,73.4800033569336,73.75,63.01642608642578,8608700
2016-04-01,72.37000274658203,73.19999694824219,71.76000213623047,72.12000274658203,61.6236686706543,21467800
2016-04-04,72.44000244140625,72.91999816894531,71.9000015258789,72.63999938964844,62.067989349365234,9265300
2016-04-05,72.01000213623047,73.1500015258789,71.95999908447266,72.66000366210938,62.0850715637207,9575200
2016-04-06,73.0,74.41999816894531,71.9000015258789,73.16000366210938,62.51231002807617,10080700
2016-04-07,72.51000213623047,72.94000244140625,71.69000244140625,72.01000213623047,61.5296516418457,7505800
2016-04-08,73.44000244140625,74.2699966430664,73.02999877929688,73.8499984741211,63.101890563964844,6129600
2016-04-11,74.36000061035156,74.91000366210938,73.87000274658203,73.87999725341797,63.127506256103516,7465100
2016-04-12,74.16999816894531,76.16000366210938,73.86000061035156,75.9000015258789,64.85353088378906,8227600
2016-04-13,75.9800033569336,77.55000305175781,75.69999694824219,77.37000274658203,66.10958099365234,8647500
2016-04-14,77.45999908447266,77.66000366210938,76.56999969482422,77.16000366210938,65.93014526367188,5349700
2016-04-15,77.16000366210938,77.16000366210938,75.94999694824219,76.26000213623047,65.1611328125,6869900
2016-04-18,74.73999786376953,77.5,74.44000244140625,77.44999694824219,66.17794799804688,5947500
2016-04-19,77.98999786376953,79.66000366210938,77.8499984741211,79.63999938964844,68.04920196533203,10334200
2016-04-20,79.1500015258789,81.9000015258789,79.1500015258789,81.0999984741211,69.29668426513672,12106100
2016-04-21,80.87999725341797,81.95999908447266,80.16000366210938,80.2699966430664,68.58749389648438,8294100
2016-04-22,77.72000122070312,81.0199966430664,77.72000122070312,79.93000030517578,68.2969970703125,9933400
2016-04-25,79.55999755859375,79.80000305175781,77.95999908447266,78.7699966430664,67.30581665039062,6684400
2016-04-26,79.12999725341797,79.3499984741211,78.41999816894531,79.19999694824219,67.67322540283203,5452600
2016-04-27,79.77999877929688,81.18000030517578,79.5999984741211,80.5999984741211,68.86947631835938,7311700
2016-04-28,79.98999786376953,81.31999969482422,79.43000030517578,79.77999877929688,68.16881561279297,6661100
2016-04-29,79.98999786376953,81.2699966430664,79.05000305175781,80.33999633789062,68.6473388671875,8606600
2016-05-02,79.94999694824219,80.72000122070312,78.29000091552734,79.4000015258789,67.84412384033203,7388100
2016-05-03,78.33000183105469,78.43000030517578,76.48999786376953,77.2300033569336,65.98995208740234,8861400
2016-05-04,77.20999908447266,77.69000244140625,75.19999694824219,75.7300033569336,64.70826721191406,7859000
2016-05-05,76.76000213623047,76.91000366210938,74.93000030517578,75.4000015258789,64.4262924194336,7306900
2016-05-06,75.02999877929688,76.01000213623047,74.5999984741211,75.12000274658203,64.18704223632812,8083800
2016-05-09,73.48999786376953,74.29000091552734,72.3499984741211,72.7699966430664,62.17905807495117,10161700
2016-05-10,73.33000183105469,74.54000091552734,73.08999633789062,74.26000213623047,63.45220184326172,7380900
2016-05-11,74.01000213623047,74.8499984741211,73.47000122070312,73.80999755859375,63.067691802978516,5815800
2016-05-12,74.23999786376953,74.83999633789062,73.5999984741211,74.08999633789062,63.30693435668945,5058100
2016-05-13,73.55999755859375,74.30000305175781,72.41999816894531,72.43000030517578,61.888553619384766,6090400
2016-05-16,73.30000305175781,74.44999694824219,73.0199966430664,74.0,63.23004913330078,5407100
2016-05-17,74.23999786376953,75.23999786376953,74.0999984741211,74.87999725341797,63.98196029663086,7226300
2016-05-18,74.5,74.69999694824219,72.6500015258789,73.16999816894531,62.52082061767578,6077900
2016-05-19,72.56999969482422,74.36000061035156,72.0,74.19999694824219,63.40093994140625,8874800
2016-05-20,74.66999816894531,75.13999938964844,74.18000030517578,74.95999908447266,64.05032348632812,7389400
2016-05-23,75.5199966430664,75.66000366210938,74.37999725341797,75.01000213623047,64.09305572509766,6250900
2016-05-24,75.5,76.05000305175781,75.11000061035156,75.62000274658203,64.61426544189453,6500600
2016-05-25,76.0,78.0,75.91999816894531,77.91000366210938,66.57098388671875,7489300
2016-05-26,78.37999725341797,78.97000122070312,77.68000030517578,77.87999725341797,66.54533386230469,7932200
2016-05-27,77.05000305175781,77.25,76.37999725341797,77.16999816894531,66.36475372314453,5050300
2016-05-31,77.06999969482422,77.5999984741211,75.80999755859375,76.30000305175781,65.6165771484375,5780000
2016-06-01,76.30000305175781,76.33999633789062,74.91000366210938,75.86000061035156,65.2381820678711,5542200
2016-06-02,75.47000122070312,75.70999908447266,74.61000061035156,75.44999694824219,64.88557434082031,4827300
2016-06-03,75.69999694824219,76.0999984741211,74.86000061035156,75.62999725341797,65.04037475585938,4342200
2016-06-06,76.55999755859375,79.27999877929688,76.22000122070312,79.08999633789062,68.01591491699219,8019200
2016-06-07,79.44999694824219,80.37000274658203,79.27999877929688,80.0999984741211,68.8844985961914,8546400
2016-06-08,80.7300033569336,81.41000366210938,80.01000213623047,80.80999755859375,69.49507904052734,6979900
2016-06-09,79.47000122070312,80.12000274658203,79.30999755859375,79.95999908447266,68.76410675048828,5030200
2016-06-10,78.69000244140625,79.48999786376953,78.26000213623047,78.52999877929688,67.5343246459961,5585100
2016-06-13,78.01000213623047,78.94000244140625,77.56999969482422,77.63999938964844,66.76895141601562,5115400
2016-06-14,77.18000030517578,77.88999938964844,76.62000274658203,77.45999908447266,66.6141586303711,5361900
2016-06-15,77.18000030517578,77.88999938964844,76.7300033569336,76.8499984741211,66.08955383300781,5384800
2016-06-16,76.1500015258789,76.4800033569336,74.91999816894531,76.33999633789062,65.65096282958984,6033100
2016-06-17,76.87999725341797,77.79000091552734,76.22000122070312,77.5,66.6485366821289,6583900
2016-06-20,78.87999725341797,79.12000274658203,77.5199966430664,77.58999633789062,66.7259521484375,5257200
2016-06-21,77.5,78.97000122070312,77.18000030517578,78.5199966430664,67.52572631835938,5634800
2016-06-22,79.01000213623047,79.13999938964844,78.19999694824219,78.2699966430664,67.31074523925781,5274000
2016-06-23,78.98999786376953,79.58999633789062,78.69000244140625,79.58999633789062,68.44590759277344,4734400
2016-06-24,76.62999725341797,77.7699966430664,76.2300033569336,76.66000366210938,65.92616271972656,9561500
2016-06-27,75.41000366210938,75.69999694824219,74.52999877929688,75.06999969482422,64.55879974365234,7036800
2016-06-28,75.95999908447266,76.7300033569336,75.5199966430664,76.62999725341797,65.9003677368164,5555300
2016-06-29,77.52999877929688,78.88999938964844,77.4000015258789,77.83000183105469,66.9323501586914,5854500
2016-06-30,77.95999908447266,79.13999938964844,77.8499984741211,79.08000183105469,68.00732421875,4941300
2016-07-01,79.13999938964844,79.91000366210938,79.01000213623047,79.5199966430664,68.3857192993164,4050100
2016-07-05,78.7300033569336,78.95999908447266,76.87999725341797,77.62999725341797,66.7603530883789,5656900
2016-07-06,77.43000030517578,78.11000061035156,76.83000183105469,78.05999755859375,67.13014221191406,4562800
2016-07-07,78.30000305175781,79.22000122070312,77.01000213623047,77.69999694824219,66.82054138183594,4922500
2016-07-08,78.31999969482422,78.97000122070312,78.12000274658203,78.73999786376953,67.71491241455078,4217400
2016-07-11,79.0,79.20999908447266,77.95999908447266,78.0199966430664,67.0957260131836,4702800
2016-07-12,79.13999938964844,80.16000366210938,78.69000244140625,79.6500015258789,68.49750518798828,6356300
2016-07-13,79.6500015258789,80.12999725341797,78.30999755859375,78.87999725341797,67.8353042602539,5328900
2016-07-14,79.7699966430664,79.93000030517578,78.9800033569336,79.0999984741211,68.02450561523438,3817600
2016-07-15,79.81999969482422,79.95999908447266,79.02999877929688,79.3499984741211,68.23950958251953,4723400
2016-07-18,78.80999755859375,79.70999908447266,78.4800033569336,79.69999694824219,68.54051208496094,4333600
2016-07-19,79.58999633789062,80.30000305175781,79.51000213623047,79.80999755859375,68.63508605957031,5780700
2016-07-20,79.43000030517578,80.83000183105469,78.87000274658203,80.5999984741211,69.31448364257812,5937900
2016-07-21,80.51000213623047,81.36000061035156,79.66000366210938,80.0199966430664,68.8156967163086,6140700
2016-07-22,80.0199966430664,81.61000061035156,78.87000274658203,81.61000061035156,70.18309020996094,10027500
2016-07-25,81.30000305175781,81.5,80.0999984741211,80.70999908447266,69.40909576416016,11223400
2016-07-26,79.9000015258789,80.61000061035156,78.94999694824219,80.5999984741211,69.31448364257812,11685500
2016-07-27,80.68000030517578,80.97000122070312,79.66000366210938,79.87999725341797,68.69529724121094,8415100
2016-07-28,79.7699966430664,80.51000213623047,78.5999984741211,79.05000305175781,67.98151397705078,5567300
2016-07-29,78.2300033569336,80.62000274658203,78.11000061035156,80.5199966430664,69.24567413330078,6200600
2016-08-01,79.79000091552734,79.87999725341797,78.08000183105469,78.45999908447266,67.47412109375,8197800
2016-08-02,78.80999755859375,78.91999816894531,77.91000366210938,78.88999938964844,67.84391784667969,6648300
2016-08-03,78.70999908447266,79.63999938964844,78.2699966430664,79.62000274658203,68.4717025756836,5416300
2016-08-04,79.5999984741211,80.41000366210938,79.11000061035156,80.38999938964844,69.1338882446289,8183100
2016-08-05,80.62000274658203,81.41999816894531,80.0199966430664,81.19999694824219,69.8304672241211,6838600
2016-08-08,81.63999938964844,82.98999786376953,81.56999969482422,82.5,70.94845581054688,6213900
2016-08-09,83.02999877929688,83.04000091552734,81.4800033569336,81.83000183105469,70.37227630615234,4143800
2016-08-10,82.02999877929688,82.33999633789062,80.63999938964844,80.8499984741211,69.52947998046875,3863100
2016-08-11,81.13999938964844,82.41000366210938,80.97000122070312,81.5,70.08847045898438,4385400
2016-08-12,81.80000305175781,82.08999633789062,80.93000030517578,81.19999694824219,69.8304672241211,3902400
2016-08-15,81.75,82.12999725341797,81.08999633789062,82.04000091552734,70.55287170410156,4016000
2016-08-16,81.93000030517578,82.37999725341797,81.44999694824219,81.91999816894531,70.44967651367188,3584400
2016-08-17,81.5999984741211,82.25,81.22000122070312,82.20999908447266,70.69906616210938,3905500
2016-08-18,82.4800033569336,83.97000122070312,82.36000061035156,83.86000061035156,72.11801147460938,5467000
2016-08-19,83.51000213623047,83.66999816894531,82.72000122070312,83.30999755859375,71.6450424194336,5185600
2016-08-22,82.6500015258789,82.70999908447266,81.61000061035156,82.05000305175781,70.56147766113281,5091600
2016-08-23,82.16999816894531,82.4000015258789,81.54000091552734,81.75,70.303466796875,4473700
2016-08-24,81.4800033569336,81.81999969482422,81.11000061035156,81.33000183105469,69.94226837158203,4462500
2016-08-25,81.38999938964844,81.7300033569336,81.02999877929688,81.33999633789062,69.95086669921875,3767100
2016-08-26,81.27999877929688,82.02999877929688,80.47000122070312,80.9000015258789,69.57247924804688,4535400
2016-08-29,80.61000061035156,81.5,80.61000061035156,81.13999938964844,69.77886962890625,3359000
2016-08-30,81.66999816894531,81.9000015258789,80.48999786376953,80.63999938964844,69.34888458251953,7873600
2016-08-31,80.1500015258789,80.33999633789062,78.62999725341797,79.0,67.93851470947266,8306100
2016-09-01,78.44000244140625,79.12999725341797,78.23999786376953,78.95999908447266,67.90412902832031,6705200
2016-09-02,79.25,79.69999694824219,78.51000213623047,78.55000305175781,67.98200988769531,4912100
2016-09-06,78.66000366210938,78.94999694824219,78.25,78.77999877929688,68.18106079101562,5560900
2016-09-07,78.83000183105469,79.05000305175781,78.4800033569336,78.61000061035156,68.03394317626953,3970700
2016-09-08,78.98999786376953,79.76000213623047,78.2300033569336,79.37999725341797,68.70033264160156,4845300
2016-09-09,78.76000213623047,79.22000122070312,77.55999755859375,77.55999755859375,67.12519073486328,7626600
2016-09-12,77.80999755859375,79.2699966430664,77.0999984741211,78.80000305175781,68.1983871459961,6343100
2016-09-13,77.9800033569336,78.0999984741211,76.87999725341797,77.08000183105469,66.70978546142578,7482000
2016-09-14,76.9000015258789,77.9000015258789,76.16999816894531,76.37000274658203,66.09529113769531,5190400
2016-09-15,76.16000366210938,77.1500015258789,76.08999633789062,76.80000305175781,66.46746826171875,5177400
2016-09-16,76.0999984741211,77.0999984741211,75.93000030517578,76.33000183105469,66.06068420410156,7243200
2016-09-19,76.83999633789062,77.4000015258789,75.93000030517578,75.95999908447266,65.74047088623047,5925000
2016-09-20,76.08000183105469,76.19999694824219,75.37000274658203,75.37000274658203,65.22984313964844,6821800
2016-09-21,76.0,76.70999908447266,75.86000061035156,76.55999755859375,66.25973510742188,7152500
2016-09-22,77.19999694824219,77.63999938964844,76.91000366210938,77.01000213623047,66.64921569824219,5639400
2016-09-23,76.69000244140625,77.05999755859375,75.56999969482422,75.91999816894531,65.70585632324219,6847400
2016-09-26,76.12999725341797,76.61000061035156,75.4800033569336,75.58000183105469,65.4115982055664,5499300
2016-09-27,75.12999725341797,75.45999908447266,74.33000183105469,75.33000183105469,65.19522094726562,6457200
2016-09-28,75.58999633789062,78.0999984741211,75.06999969482422,78.01000213623047,67.51466369628906,9420800
2016-09-29,78.11000061035156,78.97000122070312,77.37000274658203,77.37000274658203,66.96076202392578,9859500
2016-09-30,77.83999633789062,78.98999786376953,77.61000061035156,78.63999938964844,68.05990600585938,6485700
2016-10-03,78.81999969482422,79.05999755859375,78.3499984741211,78.9000015258789,68.28491973876953,4854700
2016-10-04,78.9800033569336,79.0999984741211,78.33999633789062,78.54000091552734,67.97335052490234,5211100
2016-10-05,79.41000366210938,80.94999694824219,79.05999755859375,80.1500015258789,69.36675262451172,7249400
2016-10-06,80.43000030517578,81.58999633789062,80.2699966430664,81.41999816894531,70.46588134765625,6469500
2016-10-07,81.79000091552734,82.0999984741211,80.9800033569336,81.30999755859375,70.37068939208984,5305300
2016-10-10,81.7300033569336,82.44000244140625,81.7300033569336,82.33000183105469,71.25346374511719,4565100
2016-10-11,82.08000183105469,82.2300033569336,81.16000366210938,81.69000244140625,70.69955444335938,5063000
2016-10-12,81.76000213623047,81.79000091552734,81.02999877929688,81.44000244140625,70.48319244384766,4059400
2016-10-13,81.0199966430664,81.91999816894531,80.62000274658203,81.52999877929688,70.56109619140625,4656600
2016-10-14,81.97000122070312,82.36000061035156,81.30999755859375,81.31999969482422,70.37934112548828,4681500
2016-10-17,81.31999969482422,81.76000213623047,80.69000244140625,80.9800033569336,70.08509826660156,3710900
2016-10-18,81.58000183105469,81.80000305175781,80.66999816894531,81.38999938964844,70.43992614746094,3956800
2016-10-19,82.0,84.30000305175781,82.0,83.44000244140625,72.214111328125,9926100
2016-10-20,82.75,83.36000061035156,81.87999725341797,82.98999786376953,71.82465362548828,7773200
2016-10-21,81.8499984741211,82.41999816894531,79.68000030517578,80.47000122070312,69.64370727539062,10221800
2016-10-24,80.55999755859375,80.73999786376953,79.51000213623047,80.30999755859375,69.50521850585938,5617400
2016-10-25,80.3499984741211,81.5,79.91999816894531,80.22000122070312,69.42732238769531,5436600
2016-10-26,79.48999786376953,80.6500015258789,79.31999969482422,80.0199966430664,69.25424194335938,4238200
2016-10-27,80.4000015258789,80.58000183105469,79.52999877929688,79.5999984741211,68.8907470703125,3919600
2016-10-28,79.76000213623047,80.19000244140625,78.62999725341797,79.19999694824219,68.5445556640625,5001000
2016-10-31,78.87999725341797,79.0999984741211,78.02999877929688,78.2300033569336,67.70506286621094,6225100
2016-11-01,78.66000366210938,78.80999755859375,77.70999908447266,78.69999694824219,68.11182403564453,6825500
2016-11-02,78.08000183105469,78.22000122070312,76.91999816894531,77.76000213623047,67.29829406738281,6395900
2016-11-03,77.93000030517578,78.66000366210938,77.80000305175781,78.45999908447266,67.90412902832031,4935800
2016-11-04,78.5199966430664,78.93000030517578,77.66000366210938,77.83999633789062,67.36752319335938,5178300
2016-11-07,78.9000015258789,79.80000305175781,78.70999908447266,79.75,69.02056884765625,4756400
2016-11-08,79.33000183105469,80.48999786376953,79.12999725341797,79.83999633789062,69.09844970703125,4012600
2016-11-09,79.26000213623047,80.43000030517578,78.8499984741211,79.94000244140625,69.18501281738281,6737600
2016-11-10,79.4800033569336,80.70999908447266,79.4800033569336,79.87999725341797,69.1330795288086,6798600
2016-11-11,79.19999694824219,79.43000030517578,78.06999969482422,78.66000366210938,68.07722473144531,4955700
2016-11-14,78.4000015258789,78.91999816894531,77.4800033569336,78.70999908447266,68.12049865722656,6060900
2016-11-15,79.44000244140625,81.55999755859375,79.4000015258789,81.16000366210938,70.24087524414062,5833900
2016-11-16,81.0199966430664,81.9000015258789,80.7699966430664,81.04000091552734,70.13700103759766,4501300
2016-11-17,81.51000213623047,81.87000274658203,79.87000274658203,80.0999984741211,69.32347869873047,4733600
2016-11-18,80.0999984741211,80.5199966430664,79.72000122070312,80.0,69.23693084716797,3951100
2016-11-21,81.11000061035156,81.91000366210938,81.02999877929688,81.70999908447266,70.71687316894531,5202100
2016-11-22,81.9800033569336,82.0,80.27999877929688,81.5,70.53512573242188,4646400
2016-11-23,81.06999969482422,81.91999816894531,81.01000213623047,81.4000015258789,70.44859313964844,3122000
2016-11-25,81.02999877929688,81.38999938964844,80.75,81.29000091552734,70.3533706665039,1819700
2016-11-28,81.41000366210938,82.02999877929688,80.83000183105469,81.05999755859375,70.1543197631836,5909400
2016-11-29,79.61000061035156,80.29000091552734,78.73999786376953,79.91999816894531,69.16769409179688,6326400
2016-11-30,82.47000122070312,84.37000274658203,82.05000305175781,84.05000305175781,72.7420425415039,13534300
2016-12-01,84.98999786376953,86.41000366210938,84.37000274658203,84.61000061035156,73.2267074584961,7991700
2016-12-02,84.5999984741211,85.44000244140625,84.26000213623047,85.01000213623047,73.57289123535156,5090300
2016-12-05,84.91999816894531,85.18000030517578,84.2300033569336,84.43000030517578,73.50325012207031,5976100
2016-12-06,83.76000213623047,84.29000091552734,83.16000366210938,83.95999908447266,73.09407806396484,4878600
2016-12-07,84.05000305175781,84.80000305175781,83.55999755859375,84.3499984741211,73.43360900878906,5138900
2016-12-08,84.44000244140625,84.76000213623047,83.80000305175781,84.47000122070312,73.53807067871094,4848400
2016-12-09,84.87000274658203,84.9800033569336,83.94000244140625,84.77999877929688,73.80796813964844,4829000
2016-12-12,86.08999633789062,86.81999969482422,84.66999816894531,85.01000213623047,74.00818634033203,8233600
2016-12-13,85.7300033569336,86.7300033569336,85.05000305175781,86.12999725341797,74.98324584960938,6273400
2016-12-14,85.52999877929688,86.45999908447266,84.80999755859375,85.16000366210938,74.1387710571289,5858700
2016-12-15,84.5,85.69999694824219,84.30000305175781,85.27999877929688,74.24325561523438,6171000
2016-12-16,85.5,85.55000305175781,84.9800033569336,85.5,74.43476867675781,9524800
2016-12-19,85.4000015258789,85.69999694824219,84.97000122070312,85.12000274658203,74.10395050048828,3155900
2016-12-20,85.61000061035156,85.87999725341797,85.02999877929688,85.27999877929688,74.24325561523438,5185600
2016-12-21,85.56999969482422,86.26000213623047,85.05999755859375,86.16000366210938,75.00936126708984,4825200
2016-12-22,85.79000091552734,87.0,85.58999633789062,86.37999725341797,75.20088958740234,3991700
2016-12-23,86.02999877929688,86.2699966430664,85.2300033569336,85.51000213623047,74.4434814453125,2894200
2016-12-27,85.80000305175781,85.94999694824219,85.2300033569336,85.44000244140625,74.38253784179688,2634200
2016-12-28,85.27999877929688,85.4800033569336,84.41000366210938,84.62999725341797,73.67737579345703,4222700
2016-12-29,84.26000213623047,84.8499984741211,83.79000091552734,84.19999694824219,73.30300903320312,3535400
2016-12-30,84.30000305175781,84.5,83.66000366210938,83.94999694824219,73.08535766601562,4149700
2017-01-03,84.86000061035156,85.11000061035156,83.70999908447266,84.80000305175781,73.82538604736328,6667100
2017-01-04,85.0,85.70999908447266,84.54000091552734,85.43000030517578,74.37384033203125,4655400
2017-01-05,85.58000183105469,85.87000274658203,85.19000244140625,85.30000305175781,74.26065826416016,4543000
2017-01-06,85.4800033569336,86.83000183105469,84.83999633789062,86.4800033569336,75.28794860839844,5689900
2017-01-09,85.98999786376953,86.4000015258789,85.43000030517578,85.7699966430664,74.66983032226562,4336500
2017-01-10,85.69000244140625,85.70999908447266,84.58000183105469,84.5999984741211,73.65126037597656,4306200
2017-01-11,84.98999786376953,85.80999755859375,84.62000274658203,85.66000366210938,74.57406616210938,4149600
2017-01-12,85.69000244140625,85.69999694824219,84.6500015258789,85.33000183105469,74.28678894042969,4286500
2017-01-13,84.94999694824219,85.73999786376953,84.77999877929688,84.81999969482422,73.8427734375,5117000
2017-01-17,84.80999755859375,86.52999877929688,84.80000305175781,86.43000030517578,75.2444076538086,5795300
2017-01-18,85.79000091552734,87.54000091552734,85.79000091552734,87.4800033569336,76.15851593017578,8744900
2017-01-19,87.05000305175781,87.83999633789062,86.91000366210938,87.19999694824219,75.91475677490234,7261400
2017-01-20,87.12000274658203,87.77999877929688,85.56999969482422,86.48999786376953,75.2966537475586,10368600
2017-01-23,85.8499984741211,85.93000030517578,83.9000015258789,84.2699966430664,73.36395263671875,6870200
2017-01-24,84.38999938964844,84.9000015258789,83.80000305175781,84.58000183105469,73.63384246826172,6027400
2017-01-25,85.08000183105469,85.69000244140625,84.6500015258789,85.51000213623047,74.4434814453125,5939500
2017-01-26,85.93000030517578,86.05000305175781,84.43000030517578,84.87999725341797,73.89500427246094,5623600
2017-01-27,84.86000061035156,85.19000244140625,84.30999755859375,84.5,73.5641860961914,4758200
2017-01-30,84.16999816894531,84.47000122070312,83.19999694824219,83.61000061035156,72.78936767578125,5550700
2017-01-31,83.9000015258789,84.25,83.11000061035156,83.70999908447266,72.87643432617188,4567900
2017-02-01,84.05999755859375,84.44000244140625,82.69999694824219,83.16999816894531,72.40631103515625,5193600
2017-02-02,83.5999984741211,83.61000061035156,81.56999969482422,82.44000244140625,71.77079772949219,8857700
2017-02-03,82.63999938964844,83.20999908447266,82.38999938964844,82.5,71.82302856445312,5084000
2017-02-06,82.55000305175781,82.97000122070312,81.45999908447266,81.69000244140625,71.11784362792969,5958000
2017-02-07,81.20999908447266,81.73999786376953,80.48999786376953,81.06999969482422,70.57808685302734,5841700
2017-02-08,80.61000061035156,81.19000244140625,79.5199966430664,81.12000274658203,70.62162780761719,5366400
2017-02-09,81.12000274658203,81.76000213623047,81.12000274658203,81.20999908447266,70.6999740600586,6119000
2017-02-10,81.9800033569336,82.70999908447266,81.8499984741211,82.16000366210938,71.52704620361328,6199900
2017-02-13,81.75,82.12999725341797,81.48999786376953,81.81999969482422,71.66717529296875,4135800
2017-02-14,82.04000091552734,82.5,81.54000091552734,82.45999908447266,72.2277603149414,4672300
2017-02-15,82.0,82.37000274658203,81.62000274658203,81.75,71.6058578491211,4947600
2017-02-16,82.12999725341797,82.16999816894531,81.0,81.12999725341797,71.06278991699219,5097900
2017-02-17,80.94999694824219,81.12000274658203,80.54000091552734,80.6500015258789,70.64236450195312,4345600
2017-02-21,81.4800033569336,81.55000305175781,80.5999984741211,80.68000030517578,70.66863250732422,4746100
2017-02-22,80.37999725341797,80.54000091552734,79.66000366210938,79.69999694824219,69.81024932861328,5905400
2017-02-23,80.47000122070312,80.70999908447266,79.87999725341797,80.47000122070312,70.48470306396484,5754100
2017-02-24,79.66000366210938,80.4000015258789,79.4800033569336,80.1500015258789,70.20440673828125,5464100
2017-02-27,80.2300033569336,81.81999969482422,80.16000366210938,81.05999755859375,71.00147247314453,8033000
2017-02-28,80.86000061035156,80.86000061035156,80.0,80.36000061035156,70.38834381103516,7842000
2017-03-01,80.91000366210938,82.69000244140625,80.5999984741211,82.2699966430664,72.06133270263672,6692400
2017-03-02,81.63999938964844,82.16000366210938,80.81999969482422,80.94999694824219,70.90513610839844,5104500
2017-03-03,81.22000122070312,81.58000183105469,80.6500015258789,80.69999694824219,70.68614196777344,3357000
2017-03-06,80.33999633789062,80.88999938964844,80.02999877929688,80.72000122070312,70.70368194580078,5524600
2017-03-07,80.69000244140625,80.7699966430664,79.73999786376953,79.94999694824219,70.02922058105469,5807400
2017-03-08,79.54000091552734,79.91999816894531,77.91000366210938,78.0999984741211,68.40877532958984,10152900
2017-03-09,77.5199966430664,78.94000244140625,77.27999877929688,78.69999694824219,68.93433380126953,9411800
2017-03-10,79.36000061035156,79.4000015258789,78.44999694824219,78.69000244140625,68.92557525634766,5633400
2017-03-13,78.83000183105469,79.12999725341797,78.08000183105469,78.58999633789062,68.83797454833984,6708900
2017-03-14,78.0199966430664,78.55000305175781,77.30000305175781,78.37999725341797,68.65403747558594,6541800
2017-03-15,79.0,80.58999633789062,78.91000366210938,80.25,70.29198455810547,7968100
2017-03-16,80.27999877929688,80.4800033569336,79.26000213623047,79.6500015258789,69.76644134521484,6196400
2017-03-17,79.6500015258789,80.26000213623047,79.48999786376953,79.55000305175781,69.67884826660156,8645700
2017-03-20,79.06999969482422,79.06999969482422,78.16000366210938,78.91999816894531,69.12702178955078,7318900
2017-03-21,79.52999877929688,79.6500015258789,78.56999969482422,78.69000244140625,68.92557525634766,6210500
2017-03-22,78.3499984741211,78.62000274658203,77.75,78.37999725341797,68.65403747558594,5341500
2017-03-23,78.11000061035156,78.44999694824219,77.55999755859375,77.66999816894531,68.03213500976562,5804100
2017-03-24,77.76000213623047,77.94000244140625,76.7699966430664,76.95999908447266,67.41024017333984,9805900
2017-03-27,76.20999908447266,77.18000030517578,76.13999938964844,77.0199966430664,67.4627914428711,6435100
2017-03-28,77.4000015258789,78.58999633789062,76.94000244140625,78.30999755859375,68.59271240234375,7274600
2017-03-29,78.20999908447266,78.95999908447266,77.58000183105469,78.66999816894531,68.90803527832031,4403000
2017-03-30,78.7300033569336,78.87000274658203,77.55999755859375,77.83999633789062,68.18104553222656,5585100
2017-03-31,77.55000305175781,78.37000274658203,77.33000183105469,78.0999984741211,68.40877532958984,5858500
2017-04-03,78.30000305175781,78.33000183105469,77.12999725341797,77.69999694824219,68.05841064453125,6994700
2017-04-04,77.70999908447266,78.37999725341797,77.22000122070312,78.20999908447266,68.505126953125,4687800
2017-04-05,78.66000366210938,79.4800033569336,78.26000213623047,78.30000305175781,68.58397674560547,5290600
2017-04-06,78.69999694824219,78.93000030517578,78.36000061035156,78.62000274658203,68.86425018310547,5128500
2017-04-07,78.7300033569336,78.87000274658203,78.1500015258789,78.33000183105469,68.61024475097656,4265200
2017-04-10,78.66999816894531,78.94999694824219,78.4000015258789,78.70999908447266,68.94308471679688,3339900
2017-04-11,78.70999908447266,79.70999908447266,78.08000183105469,79.6500015258789,69.76644134521484,6722200
2017-04-12,79.7300033569336,80.88999938964844,79.25,79.56999969482422,69.69638061523438,6024200
2017-04-13,79.33000183105469,79.4000015258789,77.95999908447266,78.1500015258789,68.45257568359375,5030200
2017-04-17,77.81999969482422,78.41999816894531,77.79000091552734,78.23999786376953,68.53141021728516,5559300
2017-04-18,77.7699966430664,78.58999633789062,77.66999816894531,77.93000030517578,68.25988006591797,4078800
2017-04-19,78.29000091552734,78.4800033569336,76.16000366210938,76.4800033569336,66.98978424072266,8138400
2017-04-20,76.48999786376953,77.33999633789062,76.12999725341797,76.51000213623047,67.01607513427734,8053900
2017-04-21,73.97000122070312,75.16000366210938,73.1500015258789,74.83999633789062,65.55330657958984,14539700
2017-04-24,75.0,75.0999984741211,73.94000244140625,74.0999984741211,64.9051284790039,8461800
2017-04-25,74.22000122070312,74.33000183105469,73.7699966430664,74.08999633789062,64.89635467529297,9066400
2017-04-26,73.75,74.91000366210938,73.7300033569336,74.11000061035156,64.91390228271484,6064800
2017-04-27,73.8499984741211,73.93000030517578,72.0999984741211,72.83999633789062,63.801456451416016,10844900
2017-04-28,73.4000015258789,73.45999908447266,72.47000122070312,72.58999633789062,63.58248519897461,7214400
2017-05-01,72.69999694824219,73.08999633789062,72.13999938964844,72.30000305175781,63.32848358154297,6909400
2017-05-02,72.33999633789062,72.4000015258789,70.97000122070312,71.44999694824219,62.583953857421875,9142000
2017-05-03,71.41000366210938,71.94999694824219,70.97000122070312,71.52999877929688,62.6540412902832,7843600
2017-05-04,71.16000366210938,71.25,70.22000122070312,70.94000244140625,62.13724899291992,12175200
2017-05-05,71.04000091552734,72.19999694824219,70.9000015258789,71.97000122070312,63.0394401550293,11115400
2017-05-08,72.29000091552734,72.95999908447266,72.02999877929688,72.22000122070312,63.25841522216797,8160500
2017-05-09,72.33999633789062,72.5999984741211,71.88999938964844,72.27999877929688,63.31096649169922,6631900
2017-05-10,72.83999633789062,73.19999694824219,72.3499984741211,72.66999816894531,63.6525764465332,7021200
2017-05-11,73.04000091552734,73.08000183105469,71.6500015258789,71.77999877929688,62.87302017211914,7380200
2017-05-12,71.73999786376953,71.80999755859375,70.77999877929688,71.0199966430664,62.20730209350586,7308500
2017-05-15,72.4800033569336,72.69000244140625,71.94000244140625,72.0,63.065711975097656,8573000
2017-05-16,72.30000305175781,72.41000366210938,70.88999938964844,71.37000274658203,62.513885498046875,7029200
2017-05-17,71.37000274658203,71.63999938964844,70.80000305175781,70.98999786376953,62.181034088134766,6347700
2017-05-18,70.66000366210938,71.91999816894531,70.66000366210938,71.43000030517578,62.566444396972656,6073400
2017-05-19,71.7699966430664,72.30999755859375,71.55999755859375,71.75,62.84672927856445,7681800
2017-05-22,72.26000213623047,72.37999725341797,71.37000274658203,71.88999938964844,62.969364166259766,6209800
2017-05-23,72.16999816894531,72.30999755859375,71.5199966430664,72.08999633789062,63.1445426940918,4969900
2017-05-24,72.12999725341797,72.27999877929688,71.06999969482422,71.36000061035156,62.505130767822266,5257900
2017-05-25,71.2699966430664,71.69000244140625,68.94000244140625,69.38999938964844,60.77958297729492,14649400
2017-05-26,69.5,70.3499984741211,69.0,70.08999633789062,61.3927116394043,8960700
2017-05-30,69.22000122070312,69.48999786376953,68.6500015258789,68.73999786376953,60.64284133911133,7263500
2017-05-31,68.30999755859375,69.93000030517578,68.2300033569336,69.58999633789062,61.392704010009766,8944200
2017-06-01,69.66999816894531,70.19000244140625,69.22000122070312,69.77999877929688,61.560333251953125,5874800
2017-06-02,68.87999725341797,69.12000274658203,68.02999877929688,68.95999908447266,60.83692932128906,8646500
2017-06-05,68.79000091552734,69.5,68.62999725341797,69.2699966430664,61.11041259765625,4670800
2017-06-06,69.13999938964844,70.19000244140625,68.70999908447266,69.97000122070312,61.727962493896484,6588600
2017-06-07,69.55000305175781,69.86000061035156,67.91999816894531,68.66999816894531,60.581092834472656,10227700
2017-06-08,68.66999816894531,69.11000061035156,68.2300033569336,68.30999755859375,60.263492584228516,7739800
2017-06-09,68.3499984741211,70.38999938964844,68.31999969482422,69.68000030517578,61.47212600708008,8141100
2017-06-12,70.25,70.69000244140625,69.06999969482422,69.30999755859375,61.145687103271484,7999200
2017-06-13,69.30999755859375,69.69999694824219,68.83999633789062,69.3499984741211,61.18098068237305,7882700
2017-06-14,69.05999755859375,69.08999633789062,67.33999633789062,68.18000030517578,60.148807525634766,10261300
2017-06-15,67.95999908447266,68.08000183105469,67.0,67.33000183105469,59.39894104003906,9465900
2017-06-16,67.5999984741211,68.58000183105469,67.05000305175781,68.58000183105469,60.50168991088867,10179200
2017-06-19,68.52999877929688,68.77999877929688,67.9000015258789,68.0999984741211,60.07823181152344,5037600
2017-06-20,67.05000305175781,67.05000305175781,66.04000091552734,66.75,58.88724899291992,9580000
2017-06-21,66.4800033569336,66.48999786376953,65.26000213623047,65.47000122070312,57.75802993774414,11374200
2017-06-22,65.5,66.43000030517578,65.1500015258789,65.37000274658203,57.66980743408203,8088000
2017-06-23,65.33000183105469,66.16000366210938,65.1500015258789,65.93000030517578,58.163841247558594,7402500
2017-06-26,66.11000061035156,66.4000015258789,65.52999877929688,65.88999938964844,58.1285514831543,8042700
2017-06-27,65.6500015258789,66.04000091552734,65.12999725341797,65.36000061035156,57.66099166870117,6498400
2017-06-28,65.44000244140625,66.04000091552734,65.0999984741211,65.25,57.563941955566406,6243500
2017-06-29,65.5999984741211,66.30000305175781,65.30000305175781,65.37999725341797,57.67863082885742,7194800
2017-06-30,65.8499984741211,66.11000061035156,65.37999725341797,65.83999633789062,58.08444595336914,7981900
2017-07-03,66.12000274658203,67.4000015258789,65.9000015258789,66.97000122070312,59.081336975097656,5201400
2017-07-05,67.26000213623047,67.26000213623047,65.33999633789062,65.73999786376953,57.99622344970703,8872900
2017-07-06,66.16000366210938,66.5,65.0199966430664,65.12999725341797,57.458072662353516,6503800
2017-07-07,64.98999786376953,65.18000030517578,64.1500015258789,65.08000183105469,57.413970947265625,6743400
2017-07-10,64.81999969482422,65.69000244140625,64.77999877929688,65.3499984741211,57.65215301513672,5873600
2017-07-11,65.3499984741211,66.23999786376953,65.06999969482422,65.79000091552734,58.04033660888672,5534000
2017-07-12,66.5199966430664,66.5999984741211,65.33999633789062,65.58000183105469,57.85506820678711,6497600
2017-07-13,65.47000122070312,66.54000091552734,65.44000244140625,66.48999786376953,58.657875061035156,6252300
2017-07-14,66.5,67.08999633789062,66.37000274658203,66.8499984741211,58.975467681884766,5340600
2017-07-17,66.75,67.54000091552734,66.6500015258789,66.83000183105469,58.957828521728516,6438500
2017-07-18,67.30999755859375,67.31999969482422,65.9800033569336,66.18000030517578,58.384395599365234,5359800
2017-07-19,66.12999725341797,67.63999938964844,66.0999984741211,67.44000244140625,59.4959716796875,6642300
2017-07-20,67.7699966430664,67.9000015258789,66.76000213623047,67.0199966430664,59.12544250488281,7458200
2017-07-21,67.80000305175781,68.95999908447266,66.19999694824219,66.52999877929688,58.69316482543945,10910300
2017-07-24,66.68000030517578,66.83999633789062,65.8499984741211,66.41999816894531,58.59611892700195,6211000
2017-07-25,67.0,67.55000305175781,66.93000030517578,67.01000213623047,59.11662292480469,6947200
2017-07-26,67.4800033569336,68.16000366210938,66.72000122070312,66.98999786376953,59.09897232055664,8350800
2017-07-27,66.95999908447266,67.80000305175781,66.38999938964844,67.77999877929688,59.795921325683594,6968600
2017-07-28,67.54000091552734,69.04000091552734,67.5,68.45999908447266,60.39583206176758,10545600
2017-07-31,68.44000244140625,68.79000091552734,67.69000244140625,68.5999984741211,60.51933288574219,10621100
2017-08-01,68.5,69.01000213623047,68.05000305175781,69.01000213623047,60.88105010986328,10295700
2017-08-02,68.87999725341797,69.37000274658203,68.41999816894531,69.12999725341797,60.98689651489258,7973400
2017-08-03,68.95999908447266,69.25,67.75,68.22000122070312,60.18408966064453,9869700
2017-08-04,68.1500015258789,68.38999938964844,67.45999908447266,67.54000091552734,59.58419418334961,5411600
2017-08-07,67.25,67.5,66.52999877929688,66.55000305175781,58.7108154296875,5756600
2017-08-08,66.25,66.62999725341797,65.26000213623047,65.48999786376953,57.775672912597656,8700100
2017-08-09,65.7300033569336,65.9000015258789,65.06999969482422,65.48999786376953,57.775672912597656,6274900
2017-08-10,65.55000305175781,65.77999877929688,64.19000244140625,64.4000015258789,56.81407165527344,8060500
2017-08-11,64.0999984741211,64.66999816894531,63.7400016784668,63.83000183105469,56.31121063232422,4627500
2017-08-14,64.0,64.27999877929688,63.66999816894531,63.95000076293945,56.41707229614258,4961000
2017-08-15,63.939998626708984,63.939998626708984,63.029998779296875,63.439998626708984,55.96714782714844,6850800
2017-08-16,63.63999938964844,63.95000076293945,63.22999954223633,63.709999084472656,56.20534133911133,6329600
2017-08-17,63.459999084472656,63.79999923706055,62.95000076293945,63.029998779296875,55.605445861816406,5292100
2017-08-18,63.06999969482422,63.810001373291016,62.93000030517578,63.31999969482422,55.861289978027344,9096300
2017-08-21,63.11000061035156,63.40999984741211,62.9900016784668,63.0,55.5789794921875,4498200
2017-08-22,63.15999984741211,63.63999938964844,63.11000061035156,63.349998474121094,55.88774871826172,4710200
2017-08-23,63.099998474121094,63.5,62.869998931884766,63.189998626708984,55.7465934753418,4433400
2017-08-24,63.099998474121094,63.2400016784668,62.560001373291016,62.880001068115234,55.47311782836914,5674100
2017-08-25,63.11000061035156,64.12999725341797,62.9900016784668,63.880001068115234,56.355316162109375,5712600
2017-08-28,63.84000015258789,64.08000183105469,63.0,63.45000076293945,55.975975036621094,4505600
2017-08-29,63.2599983215332,63.619998931884766,62.810001373291016,63.5,56.020084381103516,4076300
2017-08-30,63.400001525878906,63.7599983215332,63.06999969482422,63.38999938964844,55.923038482666016,4629100
2017-08-31,63.599998474121094,63.779998779296875,63.15999984741211,63.5099983215332,56.02890396118164,5833500
2017-09-01,63.20000076293945,63.91999816894531,62.970001220703125,63.349998474121094,56.331233978271484,4907400
2017-09-05,63.47999954223633,65.25,63.349998474121094,65.0999984741211,57.8873405456543,7517600
2017-09-06,65.29000091552734,66.23999786376953,65.27999877929688,65.72000122070312,58.43864822387695,6806200
2017-09-07,65.72000122070312,66.12999725341797,65.36000061035156,65.87000274658203,58.5720329284668,4236400
2017-09-08,65.72000122070312,65.76000213623047,64.54000091552734,64.86000061035156,57.6739387512207,5487000
2017-09-11,65.19000244140625,65.88999938964844,64.9800033569336,65.7699966430664,58.48310852050781,5617100
2017-09-12,65.76000213623047,66.62000274658203,65.33999633789062,66.43000030517578,59.06998825073242,5308600
2017-09-13,66.5199966430664,67.47000122070312,66.43000030517578,66.91999816894531,59.50569534301758,5728200
2017-09-14,67.41999816894531,67.94000244140625,67.16999816894531,67.69999694824219,60.19927978515625,5954100
2017-09-15,67.69000244140625,67.9000015258789,66.75,67.23999786376953,59.79024887084961,11428400
2017-09-18,67.08000183105469,68.0,67.0,67.87000274658203,60.35044860839844,6688900
2017-09-19,68.0,68.26000213623047,67.47000122070312,67.88999938964844,60.368228912353516,6817200
2017-09-20,68.13999938964844,68.16000366210938,67.47000122070312,67.62000274658203,60.128143310546875,6766000
2017-09-21,67.52999877929688,68.5,67.01000213623047,68.08999633789062,60.54606628417969,8315100
2017-09-22,67.7300033569336,68.94000244140625,67.7300033569336,68.80000305175781,61.17741012573242,6797600
2017-09-25,69.0999984741211,70.01000213623047,69.08000183105469,69.6500015258789,61.93323516845703,6914300
2017-09-26,69.2699966430664,69.55999755859375,68.54000091552734,68.81999969482422,61.195186614990234,6393400
2017-09-27,68.94000244140625,69.19000244140625,68.29000091552734,69.08000183105469,61.4263801574707,6043100
2017-09-28,69.33000183105469,69.66000366210938,68.55000305175781,69.16000366210938,61.497520446777344,6464300
2017-09-29,69.02999877929688,69.7699966430664,68.26000213623047,69.76000213623047,62.031044006347656,6559100
2017-10-02,68.7300033569336,69.31999969482422,68.54000091552734,69.31999969482422,61.63979721069336,7254800
2017-10-03,69.26000213623047,69.56999969482422,68.8499984741211,69.05999755859375,61.40859603881836,6124500
2017-10-04,69.12000274658203,69.33000183105469,68.66999816894531,68.81999969482422,61.195186614990234,6319700
2017-10-05,69.1500015258789,69.18000030517578,68.56999969482422,68.87000274658203,61.23965835571289,6293100
2017-10-06,68.72000122070312,68.72000122070312,67.87000274658203,68.33999633789062,60.76837158203125,5717400
2017-10-09,68.36000061035156,68.80000305175781,68.23999786376953,68.33000183105469,60.759490966796875,3587100
2017-10-10,68.76000213623047,69.02999877929688,68.2699966430664,68.33000183105469,60.759490966796875,3824700
2017-10-11,67.31999969482422,67.80000305175781,66.83999633789062,67.73999786376953,60.2348518371582,8060500
2017-10-12,67.22000122070312,67.41999816894531,66.79000091552734,67.29000091552734,59.834712982177734,6225800
2017-10-13,67.62999725341797,68.08000183105469,67.12999725341797,67.16999816894531,59.728004455566406,4248700
2017-10-16,67.55999755859375,67.83000183105469,66.77999877929688,66.80000305175781,59.39899444580078,4846100
2017-10-17,66.87999725341797,67.19000244140625,66.26000213623047,66.5,59.13222885131836,6621400
2017-10-18,66.45999908447266,66.6500015258789,65.68000030517578,65.91000366210938,58.607601165771484,5936500
2017-10-19,65.36000061035156,65.70999908447266,64.47000122070312,64.5,57.35382080078125,13577600
2017-10-20,63.56999969482422,63.95000076293945,61.400001525878906,63.150001525878906,56.15339660644531,19259600
2017-10-23,63.150001525878906,63.47999954223633,61.810001373291016,61.90999984741211,55.05078125,14054100
2017-10-24,62.529998779296875,62.84000015258789,61.91999816894531,62.439998626708984,55.522056579589844,9639500
2017-10-25,62.5,63.619998931884766,62.400001525878906,63.439998626708984,56.41127014160156,10748200
2017-10-26,63.45000076293945,63.810001373291016,63.060001373291016,63.369998931884766,56.34901809692383,8668300
2017-10-27,63.11000061035156,63.869998931884766,62.880001068115234,63.54999923706055,56.50907516479492,12972700
2017-10-30,63.75,64.5,63.529998779296875,64.11000061035156,57.00702667236328,6632800
2017-10-31,63.9900016784668,64.73999786376953,63.93000030517578,64.0,56.90922546386719,8519500
2017-11-01,64.62000274658203,64.95999908447266,63.9900016784668,64.27999877929688,57.15819549560547,11329300
2017-11-02,64.33999633789062,64.33999633789062,63.099998474121094,63.25,56.242313385009766,8984100
2017-11-03,63.13999938964844,63.72999954223633,62.91999816894531,63.58000183105469,56.53575134277344,10035100
2017-11-06,64.0999984741211,67.41999816894531,63.93000030517578,67.08000183105469,59.64796829223633,14246300
2017-11-07,67.56999969482422,67.68000030517578,66.26000213623047,66.43000030517578,59.06998825073242,7147400
2017-11-08,66.6500015258789,67.58000183105469,66.08000183105469,67.05999755859375,59.630191802978516,8008300
2017-11-09,66.8499984741211,67.0999984741211,66.5,66.88999938964844,59.47903060913086,6163400
2017-11-10,66.58999633789062,66.62000274658203,65.18000030517578,65.73999786376953,58.45643615722656,6577000
2017-11-13,65.25,65.54000091552734,64.86000061035156,65.04000091552734,57.8339958190918,5506300
2017-11-14,64.63999938964844,64.63999938964844,62.72999954223633,62.779998779296875,55.824378967285156,10606800
2017-11-15,62.150001525878906,62.43000030517578,61.11000061035156,61.54999923706055,54.73065948486328,11273200
2017-11-16,61.599998474121094,61.650001525878906,61.02000045776367,61.310001373291016,54.51726150512695,7791600
2017-11-17,61.36000061035156,62.33000183105469,61.2599983215332,61.959999084472656,55.095237731933594,8088700
2017-11-20,61.709999084472656,62.099998474121094,61.220001220703125,61.720001220703125,54.88182830810547,7103500
2017-11-21,61.970001220703125,62.150001525878906,61.439998626708984,61.880001068115234,55.02410125732422,8491100
2017-11-22,62.439998626708984,62.599998474121094,61.84000015258789,62.13999938964844,55.25529479980469,7610300
2017-11-24,62.400001525878906,62.45000076293945,61.849998474121094,61.93000030517578,55.06856155395508,2967500
2017-11-27,61.72999954223633,61.91999816894531,61.04999923706055,61.36000061035156,54.56170654296875,6741600
2017-11-28,61.2400016784668,62.470001220703125,61.209999084472656,62.290000915527344,55.388675689697266,8737700
2017-11-29,62.400001525878906,63.29999923706055,61.93000030517578,62.150001525878906,55.264190673828125,8805900
2017-11-30,62.56999969482422,63.650001525878906,62.5,62.849998474121094,55.886634826660156,11308900
2017-12-01,63.22999954223633,65.12999725341797,63.02000045776367,64.7300033569336,57.55833435058594,11964000
2017-12-04,64.79000091552734,65.98999786376953,64.4800033569336,64.5999984741211,57.4427490234375,9505000
2017-12-05,64.12999725341797,65.0,63.439998626708984,63.45000076293945,56.860252380371094,8212800
2017-12-06,63.279998779296875,63.279998779296875,61.779998779296875,62.06999969482422,55.623573303222656,9299300
2017-12-07,62.060001373291016,62.52000045776367,61.959999084472656,62.06999969482422,55.623573303222656,7862500
2017-12-08,62.380001068115234,63.540000915527344,62.099998474121094,63.540000915527344,56.9409065246582,11030100
2017-12-11,63.380001068115234,64.94000244140625,63.0099983215332,64.55999755859375,57.85496520996094,11702900
2017-12-12,64.41000366210938,65.0,64.0999984741211,64.18000030517578,57.514434814453125,6487800
2017-12-13,64.12000274658203,64.52999877929688,63.279998779296875,63.29999923706055,56.725833892822266,7485600
2017-12-14,62.95000076293945,63.349998474121094,62.36000061035156,62.369998931884766,55.892417907714844,8550100
2017-12-15,62.720001220703125,62.95000076293945,62.0099983215332,62.09000015258789,55.64149856567383,15834700
2017-12-18,62.290000915527344,64.04000091552734,62.25,63.599998474121094,56.99467468261719,10716600
2017-12-19,63.790000915527344,64.9800033569336,63.58000183105469,64.38999938964844,57.7026252746582,8949500
2017-12-20,64.44000244140625,65.5199966430664,64.25,65.27999877929688,58.50019073486328,9227500
2017-12-21,65.4800033569336,68.31999969482422,65.25,67.86000061035156,60.812232971191406,15943700
2017-12-22,67.66000366210938,68.33000183105469,67.16000366210938,67.44000244140625,60.43585205078125,6695900
2017-12-26,67.5,68.08000183105469,67.41999816894531,67.61000061035156,60.58820724487305,5028200
2017-12-27,67.76000213623047,68.4000015258789,67.61000061035156,67.91999816894531,60.86600875854492,7107900
2017-12-28,67.94999694824219,68.22000122070312,67.29000091552734,67.45999908447266,60.45377731323242,4386800
2017-12-29,67.45999908447266,67.72000122070312,66.80000305175781,67.38999938964844,60.39105987548828,5918800
2018-01-02,68.06999969482422,69.83000183105469,67.5999984741211,69.5199966430664,62.29983139038086,8678200
2018-01-03,69.97000122070312,71.63999938964844,69.12999725341797,71.33000183105469,63.921852111816406,9529200
2018-01-04,71.76000213623047,73.19000244140625,71.26000213623047,73.0999984741211,65.5080337524414,12252300
2018-01-05,72.94999694824219,73.68000030517578,72.25,73.5999984741211,65.95609283447266,8552700
2018-01-08,73.3499984741211,74.91999816894531,72.70999908447266,74.80000305175781,67.03148651123047,9778900
2018-01-09,74.77999877929688,75.30000305175781,74.55999755859375,74.9000015258789,67.12107849121094,9370300
2018-01-10,75.12000274658203,76.06999969482422,75.0,75.5999984741211,67.74837493896484,10017600
2018-01-11,75.66999816894531,77.22000122070312,75.41999816894531,77.05000305175781,69.04779052734375,10248700
2018-01-12,77.37000274658203,78.08999633789062,77.05000305175781,77.97000122070312,69.87224578857422,9211500
2018-01-16,77.75,78.0,76.94999694824219,77.16999816894531,69.15531921386719,11902500
2018-01-17,77.0,77.79000091552734,76.41000366210938,77.20999908447266,69.19116973876953,8009600
2018-01-18,76.56999969482422,77.47000122070312,75.69000244140625,76.37000274658203,68.43841552734375,10588500
2018-01-19,75.0,77.18000030517578,74.25,76.41999816894531,68.48322296142578,13389800
2018-01-22,77.04000091552734,79.87999725341797,76.83999633789062,79.79000091552734,71.50321197509766,13192700
2018-01-23,79.81999969482422,80.3499984741211,78.58000183105469,79.20999908447266,70.98345184326172,9332600
2018-01-24,78.95999908447266,79.25,77.66999816894531,78.18000030517578,70.06044006347656,10369000
2018-01-25,78.9800033569336,79.08999633789062,77.2300033569336,77.33000183105469,69.29871368408203,7142000
2018-01-26,77.69000244140625,78.18000030517578,77.38999938964844,77.61000061035156,69.54962921142578,6055300
2018-01-29,77.08999633789062,77.41000366210938,76.0999984741211,76.37999725341797,68.44737243652344,7877900
2018-01-30,75.4000015258789,75.79000091552734,73.93000030517578,74.54000091552734,66.79846954345703,11371000
2018-01-31,74.88999938964844,74.94999694824219,73.11000061035156,73.58000183105469,65.93818664550781,10198700
2018-02-01,73.79000091552734,75.55999755859375,73.79000091552734,75.51000213623047,67.66773223876953,8671600
2018-02-02,74.87999725341797,75.25,73.36000061035156,73.69000244140625,66.03675079345703,9066600
2018-02-05,72.8499984741211,74.37999725341797,70.58999633789062,71.3499984741211,63.93976974487305,11310300
2018-02-06,69.51000213623047,72.55999755859375,69.0,71.04000091552734,64.11124420166016,12391900
2018-02-07,71.1500015258789,72.52999877929688,69.62000274658203,69.75,62.94706344604492,7345000
2018-02-08,69.80000305175781,69.9000015258789,67.3499984741211,67.4000015258789,60.82626724243164,12186000
2018-02-09,68.18000030517578,68.37000274658203,63.369998931884766,65.19000244140625,58.83181381225586,19725600
2018-02-12,66.37000274658203,67.68000030517578,66.2699966430664,66.83999633789062,60.32087326049805,11382800
2018-02-13,66.62999725341797,66.86000061035156,65.68000030517578,65.91999816894531,59.49060821533203,7959900
2018-02-14,65.33999633789062,66.2699966430664,64.56999969482422,65.87000274658203,59.445491790771484,13030900
2018-02-15,66.25,66.25,64.81999969482422,66.20999908447266,59.7523307800293,8844500
2018-02-16,66.1500015258789,67.29000091552734,65.9000015258789,66.27999877929688,59.81550598144531,7512500
2018-02-20,66.70999908447266,67.19999694824219,65.26000213623047,65.61000061035156,59.21084976196289,6840700
2018-02-21,65.3499984741211,66.08999633789062,64.37999725341797,64.4000015258789,58.11886978149414,7855000
2018-02-22,64.83999633789062,65.97000122070312,64.69999694824219,64.95999908447266,58.62424850463867,8393800
2018-02-23,65.30000305175781,66.69999694824219,65.06999969482422,66.5,60.014041900634766,7652000
2018-02-26,67.1500015258789,67.2699966430664,66.30000305175781,66.7300033569336,60.22161865234375,6605000
2018-02-27,67.30000305175781,69.05000305175781,66.86000061035156,66.91000366210938,60.384056091308594,8736100
2018-02-28,67.38999938964844,67.68000030517578,65.62000274658203,65.63999938964844,59.2379264831543,10144600
2018-03-01,65.48999786376953,66.72000122070312,65.02999877929688,65.22000122070312,58.858890533447266,9674000
2018-03-02,64.6500015258789,65.72000122070312,63.900001525878906,65.47000122070312,59.084503173828125,6797200
2018-03-05,64.93000030517578,66.58999633789062,64.91000366210938,66.16000366210938,59.70721435546875,5274300
2018-03-06,66.83999633789062,67.12000274658203,66.08999633789062,66.62999725341797,60.1313591003418,5131400
2018-03-07,65.87000274658203,66.5,65.22000122070312,66.2300033569336,59.7703742980957,5851900
2018-03-08,66.33999633789062,66.77999877929688,65.77999877929688,66.73999786376953,60.23064041137695,6099100
2018-03-09,67.29000091552734,69.06999969482422,67.25,68.77999877929688,62.07167434692383,8309700
2018-03-12,68.7300033569336,69.20999908447266,67.8499984741211,68.08999633789062,61.44896697998047,5226700
2018-03-13,68.33999633789062,68.45999908447266,66.76000213623047,67.13999938964844,60.59162521362305,6964300
2018-03-14,67.27999877929688,67.6500015258789,66.26000213623047,66.43000030517578,59.950870513916016,5963300
2018-03-15,66.5999984741211,66.9000015258789,65.01000213623047,65.3499984741211,58.9762077331543,6310900
2018-03-16,65.37000274658203,66.63999938964844,65.31999969482422,66.0999984741211,59.65305709838867,9394300
2018-03-19,66.08999633789062,66.12000274658203,64.13999938964844,64.69999694824219,58.38960266113281,6097500
2018-03-20,65.12999725341797,66.0999984741211,65.12999725341797,65.55999755859375,59.16572570800781,5446300
2018-03-21,65.91999816894531,68.2699966430664,65.77999877929688,67.73999786376953,61.13310241699219,7240300
2018-03-22,66.75,66.97000122070312,65.19000244140625,65.5199966430664,59.12962341308594,7500000
2018-03-23,65.54000091552734,66.69999694824219,64.0,64.13999938964844,57.88423156738281,8622100
2018-03-26,64.8499984741211,65.22000122070312,63.560001373291016,64.45999908447266,58.17301940917969,7386100
2018-03-27,64.91000366210938,66.08999633789062,63.970001220703125,64.4800033569336,58.191070556640625,6318000
2018-03-28,64.3499984741211,64.62999725341797,62.66999816894531,63.209999084472656,57.0449333190918,7702900
2018-03-29,63.66999816894531,65.20999908447266,63.47999954223633,64.77999877929688,58.4618034362793,7282800
2018-04-02,64.37000274658203,64.66000366210938,62.02000045776367,63.47999954223633,57.28860092163086,7598600
2018-04-03,63.93000030517578,64.8499984741211,62.689998626708984,64.79000091552734,58.47083282470703,8844500
2018-04-04,63.5,64.98999786376953,63.06999969482422,64.80999755859375,58.48887252807617,6645700
2018-04-05,65.12000274658203,66.38999938964844,65.06999969482422,65.7699966430664,59.35523986816406,6032900
2018-04-06,65.54000091552734,65.54000091552734,63.45000076293945,64.36000061035156,58.08277130126953,7515900
2018-04-09,64.77999877929688,65.08000183105469,64.11000061035156,64.26000213623047,57.992523193359375,6369700
2018-04-10,65.44999694824219,67.43000030517578,65.25,66.70999908447266,60.20355987548828,8172300
2018-04-11,66.62000274658203,67.9800033569336,66.37999725341797,67.55000305175781,60.961639404296875,8141900
2018-04-12,67.68000030517578,68.04000091552734,67.20999908447266,67.55999755859375,60.97066116333008,5845300
2018-04-13,67.58999633789062,68.0999984741211,67.30999755859375,67.94999694824219,61.32262420654297,7853500
2018-04-16,68.27999877929688,68.73999786376953,67.43000030517578,68.5199966430664,61.83702850341797,9026400
2018-04-17,68.5199966430664,68.9800033569336,67.94999694824219,68.66000366210938,61.96337890625,6490400
2018-04-18,69.62000274658203,71.0,69.55000305175781,70.33999633789062,63.479515075683594,8640300
2018-04-19,70.37000274658203,70.91999816894531,69.69999694824219,70.27999877929688,63.42536926269531,7184700
2018-04-20,70.80999755859375,71.25,68.62999725341797,69.2300033569336,62.477779388427734,9967400
2018-04-23,68.69999694824219,68.97000122070312,67.51000213623047,68.91000366210938,62.18899917602539,6792000
2018-04-24,69.05999755859375,69.80000305175781,67.72000122070312,68.27999877929688,61.62043762207031,7474500
2018-04-25,67.9800033569336,69.2699966430664,67.87999725341797,69.0999984741211,62.3604621887207,5994000
2018-04-26,69.4800033569336,70.0999984741211,69.18000030517578,69.47000122070312,62.694374084472656,8145000
2018-04-27,69.05999755859375,69.69999694824219,68.9000015258789,69.08000183105469,62.34241485595703,4559500
2018-04-30,69.0,69.37999725341797,68.43000030517578,68.55999755859375,61.873111724853516,6249900
2018-05-01,68.11000061035156,68.41999816894531,67.08000183105469,68.4000015258789,61.72874069213867,6197600
2018-05-02,67.9800033569336,69.18000030517578,67.9000015258789,68.66000366210938,61.96337890625,6460300
2018-05-03,68.48999786376953,68.58000183105469,66.88999938964844,67.72000122070312,61.115047454833984,6563900
2018-05-04,67.48999786376953,69.19000244140625,67.12999725341797,68.79000091552734,62.0806999206543,5620900
2018-05-07,69.23999786376953,70.8499984741211,69.08000183105469,69.20999908447266,62.4597282409668,6388900
2018-05-08,69.44999694824219,69.62000274658203,67.69999694824219,69.54000091552734,62.75755310058594,6142300
2018-05-09,70.51000213623047,71.77999877929688,70.41999816894531,70.87999725341797,63.96685791015625,7774400
2018-05-10,71.41999816894531,71.56999969482422,70.23999786376953,71.12000274658203,64.1834487915039,5650400
2018-05-11,71.33000183105469,71.52999877929688,70.87000274658203,71.08000183105469,64.1473388671875,5449200
2018-05-14,71.18000030517578,72.05000305175781,71.16999816894531,71.5999984741211,64.61663055419922,5142400
2018-05-15,71.5,71.75,70.91000366210938,71.5999984741211,64.61663055419922,3571600
2018-05-16,71.5999984741211,73.20999908447266,71.5999984741211,73.11000061035156,65.97935485839844,7121700
2018-05-17,73.5,75.43000030517578,73.4800033569336,74.43000030517578,67.17061614990234,10825700
2018-05-18,74.19000244140625,74.86000061035156,74.16000366210938,74.29000091552734,67.04425811767578,5715400
2018-05-21,74.7699966430664,75.05999755859375,73.95999908447266,75.02999877929688,67.71208953857422,4641200
2018-05-22,75.0,75.25,73.38999938964844,73.7300033569336,66.53888702392578,5881200
2018-05-23,73.0,73.47000122070312,72.3499984741211,73.44999694824219,66.28617858886719,5737200
2018-05-24,72.5999984741211,72.72000122070312,71.08999633789062,71.22000122070312,64.27369689941406,8648500
2018-05-25,69.80000305175781,69.9000015258789,68.02999877929688,68.5999984741211,61.90922546386719,10719800
2018-05-29,67.62999725341797,68.37000274658203,67.16999816894531,68.06999969482422,61.43091583251953,8369200
2018-05-30,68.72000122070312,69.83000183105469,68.44999694824219,69.4800033569336,62.703399658203125,7710300
2018-05-31,69.08000183105469,69.31999969482422,68.25,68.66999816894531,61.9724006652832,8419700
2018-06-01,68.63999938964844,69.08000183105469,68.37000274658203,68.95999908447266,62.23411560058594,6512800
2018-06-04,69.16000366210938,69.48999786376953,68.68000030517578,69.06999969482422,62.33339309692383,8104200
2018-06-05,68.48999786376953,68.86000061035156,67.9000015258789,68.45999908447266,62.23339080810547,7058000
2018-06-06,68.83000183105469,69.05999755859375,68.06999969482422,68.88999938964844,62.62428283691406,6387900
2018-06-07,69.37000274658203,70.29000091552734,69.12999725341797,69.5999984741211,63.26970291137695,8330600
2018-06-08,69.9000015258789,70.08999633789062,68.97000122070312,69.43000030517578,63.11516571044922,5125200
2018-06-11,69.4800033569336,70.44000244140625,69.11000061035156,69.87000274658203,63.51515197753906,6970700
2018-06-12,70.0,70.47000122070312,68.08000183105469,68.5999984741211,62.360660552978516,9664000
2018-06-13,67.76000213623047,68.75,67.43000030517578,67.97000122070312,61.7879638671875,7161000
2018-06-14,68.16000366210938,68.56999969482422,67.66000366210938,68.33000183105469,62.115211486816406,7104000
2018-06-15,67.91999816894531,67.9800033569336,66.54000091552734,66.83000183105469,60.751644134521484,15094700
2018-06-18,66.26000213623047,67.30000305175781,66.19999694824219,67.04000091552734,60.942543029785156,6110400
2018-06-19,66.01000213623047,66.1500015258789,65.19999694824219,65.69999694824219,59.72441864013672,11577800
2018-06-20,65.94000244140625,66.06999969482422,65.27999877929688,65.55000305175781,59.58806228637695,7567700
2018-06-21,65.41999816894531,65.58000183105469,64.51000213623047,64.79000091552734,58.897186279296875,6371400
2018-06-22,67.12999725341797,67.94999694824219,66.4000015258789,66.58000183105469,60.524383544921875,10995000
2018-06-25,66.29000091552734,66.36000061035156,64.9000015258789,65.43000030517578,59.478973388671875,7608700
2018-06-26,65.4000015258789,66.30000305175781,65.04000091552734,66.0199966430664,60.01531219482422,5618500
2018-06-27,66.73999786376953,67.69000244140625,66.45999908447266,66.80999755859375,60.73346710205078,6856500
2018-06-28,67.11000061035156,67.2300033569336,66.2699966430664,67.01000213623047,60.91527557373047,5827800
2018-06-29,67.0199966430664,67.8499984741211,67.01000213623047,67.02999877929688,60.933448791503906,5350900
2018-07-02,66.44999694824219,66.72000122070312,65.01000213623047,65.20999908447266,59.27898406982422,9404700
2018-07-03,66.23999786376953,66.30000305175781,65.2300033569336,65.83999633789062,59.851680755615234,5207700
2018-07-05,66.37999725341797,66.94999694824219,65.94000244140625,66.43000030517578,60.388023376464844,6492800
2018-07-06,65.95999908447266,67.25,65.7300033569336,67.02999877929688,60.933448791503906,4303400
2018-07-09,67.5,68.62000274658203,67.5,68.33999633789062,62.124298095703125,5230900
2018-07-10,68.9000015258789,69.61000061035156,68.76000213623047,69.48999786376953,63.169715881347656,6343100
2018-07-11,68.62999725341797,69.27999877929688,68.0999984741211,68.33999633789062,62.124298095703125,7497400
2018-07-12,68.6500015258789,68.70999908447266,67.0,67.47000122070312,61.33344268798828,6217000
2018-07-13,67.75,68.33999633789062,67.41000366210938,68.08000183105469,61.8879508972168,4607000
2018-07-16,67.08999633789062,67.5199966430664,66.86000061035156,67.41999816894531,61.2879753112793,4544100
2018-07-17,67.08999633789062,67.19999694824219,66.36000061035156,66.73999786376953,60.669822692871094,6614300
2018-07-18,66.4000015258789,67.44999694824219,65.88999938964844,67.05999755859375,60.960723876953125,6493200
2018-07-19,66.5999984741211,67.55000305175781,66.5,66.91999816894531,60.83345413208008,7049000
2018-07-20,68.33999633789062,68.43000030517578,66.02999877929688,66.08999633789062,60.07894515991211,7510300
2018-07-23,65.97000122070312,66.5999984741211,65.47000122070312,65.73999786376953,59.760780334472656,8542800
2018-07-24,66.01000213623047,66.41000366210938,65.38999938964844,65.5199966430664,59.560787200927734,8872000
2018-07-25,65.5999984741211,65.86000061035156,64.7300033569336,65.77999877929688,59.79714584350586,7586700
2018-07-26,66.22000122070312,67.0199966430664,65.5199966430664,66.86000061035156,60.77891159057617,6497500
2018-07-27,66.33000183105469,67.4000015258789,66.33000183105469,67.04000091552734,60.942543029785156,5888100
2018-07-30,67.51000213623047,68.30000305175781,67.30999755859375,67.58000183105469,61.43342208862305,5816900
2018-07-31,67.62999725341797,67.88999938964844,67.08000183105469,67.5199966430664,61.37887954711914,5986900
2018-08-01,67.0,67.16000366210938,66.01000213623047,66.66000366210938,60.597103118896484,4834900
2018-08-02,66.04000091552734,66.41999816894531,65.62999725341797,65.94000244140625,59.942588806152344,4985000
2018-08-03,65.83999633789062,66.6500015258789,65.63999938964844,65.88999938964844,59.89714050292969,4588300
2018-08-06,65.97000122070312,66.12999725341797,65.55000305175781,65.73999786376953,59.760780334472656,4348800
2018-08-07,66.41999816894531,67.30999755859375,65.72000122070312,66.68000030517578,60.61528778076172,5745200
2018-08-08,66.2300033569336,66.62999725341797,65.9800033569336,66.41000366210938,60.369850158691406,3549300
2018-08-09,66.56999969482422,66.66999816894531,65.12000274658203,65.4000015258789,59.45170593261719,4760800
2018-08-10,65.36000061035156,66.0999984741211,64.87999725341797,66.04000091552734,60.03349685668945,4851200
2018-08-13,65.94999694824219,66.04000091552734,64.69999694824219,64.97000122070312,59.06081771850586,4563400
2018-08-14,65.27999877929688,65.73999786376953,64.79000091552734,64.80000305175781,58.906280517578125,4851000
2018-08-15,64.31999969482422,64.36000061035156,61.81999969482422,62.290000915527344,56.62456512451172,9831900
2018-08-16,62.61000061035156,63.08000183105469,62.400001525878906,62.4900016784668,56.80638122558594,6080800
2018-08-17,62.470001220703125,63.02000045776367,62.060001373291016,62.83000183105469,57.11545181274414,5657500
2018-08-20,63.060001373291016,63.65999984741211,62.7400016784668,63.5,57.724517822265625,3670300
2018-08-21,64.26000213623047,65.22000122070312,64.13999938964844,64.76000213623047,58.86991500854492,6092600
2018-08-22,65.29000091552734,65.61000061035156,64.91000366210938,65.08999633789062,59.169898986816406,5134400
2018-08-23,64.7699966430664,64.97000122070312,64.2699966430664,64.6500015258789,58.76992416381836,4430200
2018-08-24,64.9800033569336,65.36000061035156,64.9800033569336,65.25,59.31534957885742,6418000
2018-08-27,65.36000061035156,65.56999969482422,64.61000061035156,64.8499984741211,58.95172882080078,8459200
2018-08-28,64.94000244140625,65.5199966430664,64.02999877929688,64.06999969482422,58.24267578125,9470700
2018-08-29,64.2300033569336,64.63999938964844,63.90999984741211,64.48999786376953,58.624473571777344,7611600
2018-08-30,64.5999984741211,65.08000183105469,64.05999755859375,64.33999633789062,58.48811721801758,6300100
2018-08-31,64.06999969482422,64.13999938964844,62.970001220703125,63.15999984741211,57.41543960571289,7953200
2018-09-04,63.060001373291016,63.13999938964844,61.7400016784668,61.91999816894531,56.73737716674805,8287000
2018-09-05,61.470001220703125,61.54999923706055,60.189998626708984,61.02000045776367,55.9127082824707,10127200
2018-09-06,60.79999923706055,60.959999084472656,59.79999923706055,60.209999084472656,55.170501708984375,9684100
2018-09-07,59.790000915527344,60.189998626708984,59.25,59.70000076293945,54.70319366455078,11056200
2018-09-10,60.0,60.779998779296875,59.959999084472656,59.97999954223633,54.95975112915039,6954600
2018-09-11,60.08000183105469,60.79999923706055,59.43000030517578,60.31999969482422,55.271297454833984,9782200
2018-09-12,60.70000076293945,61.599998474121094,60.70000076293945,60.81999969482422,55.72944641113281,7931700
2018-09-13,60.709999084472656,61.310001373291016,60.43000030517578,61.02000045776367,55.9127082824707,6006300
2018-09-14,61.0,61.560001373291016,60.7599983215332,61.22999954223633,56.105133056640625,8059100
2018-09-17,61.59000015258789,61.66999816894531,60.68000030517578,60.970001220703125,55.86689758300781,6825400
2018-09-18,61.619998931884766,61.970001220703125,60.95000076293945,60.9900016784668,55.885215759277344,6779700
2018-09-19,60.83000183105469,61.709999084472656,60.5099983215332,61.22999954223633,56.105133056640625,9367100
2018-09-20,61.95000076293945,62.27000045776367,61.560001373291016,61.56999969482422,56.41667556762695,7364100
2018-09-21,61.75,61.84000015258789,61.130001068115234,61.130001068115234,56.01350021362305,21545100
2018-09-24,61.81999969482422,62.08000183105469,61.40999984741211,61.599998474121094,56.444156646728516,8715200
2018-09-25,62.20000076293945,62.880001068115234,62.06999969482422,62.529998779296875,57.296321868896484,8517500
2018-09-26,61.90999984741211,62.16999816894531,60.79999923706055,60.880001068115234,55.784423828125,10408600
2018-09-27,61.13999938964844,61.689998626708984,60.400001525878906,61.16999816894531,56.05015182495117,6553000
2018-09-28,61.029998779296875,61.709999084472656,60.86000061035156,60.91999816894531,55.821075439453125,7206600
2018-10-01,61.20000076293945,62.369998931884766,60.880001068115234,61.59000015258789,56.435001373291016,7667000
2018-10-02,61.29999923706055,62.099998474121094,60.869998931884766,61.88999938964844,56.70988464355469,5660200
2018-10-03,62.150001525878906,62.90999984741211,61.59000015258789,62.619998931884766,57.3787841796875,7315700
2018-10-04,62.689998626708984,63.290000915527344,62.29999923706055,62.849998474121094,57.58953857421875,6920100
2018-10-05,62.75,63.36000061035156,62.439998626708984,63.0,57.72698211669922,7358200
2018-10-08,62.220001220703125,63.08000183105469,62.09000015258789,62.939998626708984,57.67200469970703,4725700
2018-10-09,63.189998626708984,63.650001525878906,62.29999923706055,63.11000061035156,57.82777404785156,6410500
2018-10-10,62.779998779296875,63.040000915527344,60.66999816894531,60.81999969482422,55.72944641113281,10393700
2018-10-11,60.31999969482422,60.58000183105469,58.650001525878906,59.119998931884766,54.17173385620117,12620400
2018-10-12,59.779998779296875,60.13999938964844,58.29999923706055,59.33000183105469,54.364158630371094,9737400
2018-10-15,59.400001525878906,60.11000061035156,58.86000061035156,59.54999923706055,54.56574630737305,7302100
2018-10-16,59.88999938964844,60.130001068115234,59.52000045776367,59.68000030517578,54.68486022949219,6310100
2018-10-17,59.25,59.529998779296875,58.68000030517578,59.2400016784668,54.28169250488281,6484100
2018-10-18,58.81999969482422,59.310001373291016,58.08000183105469,58.43000030517578,53.539485931396484,11215300
2018-10-19,58.0,61.189998626708984,57.59000015258789,58.470001220703125,53.57613754272461,11347900
2018-10-22,58.45000076293945,58.61000061035156,56.16999816894531,56.810001373291016,52.055076599121094,13371500
2018-10-23,55.619998931884766,55.75,54.47999954223633,55.09000015258789,50.47903823852539,13516700
2018-10-24,55.5099983215332,55.61000061035156,52.970001220703125,53.0099983215332,48.5731315612793,16957500
2018-10-25,53.779998779296875,54.25,52.77000045776367,53.29999923706055,48.838863372802734,9850400
2018-10-26,52.560001373291016,53.84000015258789,51.84000015258789,52.900001525878906,48.47233963012695,11131300
2018-10-29,53.20000076293945,53.20000076293945,50.79999923706055,51.45000076293945,47.14370346069336,11125100
2018-10-30,51.36000061035156,52.54999923706055,50.81999969482422,52.31999969482422,47.94088363647461,12235800
2018-10-31,52.849998474121094,53.0099983215332,51.2400016784668,51.310001373291016,47.01542663574219,13260600
2018-11-01,51.599998474121094,52.189998626708984,50.810001373291016,51.65999984741211,47.33612823486328,10799400
2018-11-02,52.220001220703125,52.279998779296875,50.720001220703125,51.400001525878906,47.09789276123047,8458000
2018-11-05,51.95000076293945,52.279998779296875,51.29999923706055,51.959999084472656,47.61101531982422,8644900
2018-11-06,52.0,52.2400016784668,51.5,52.08000183105469,47.72097396850586,6433500
2018-11-07,52.599998474121094,52.939998626708984,51.70000076293945,52.31999969482422,47.94088363647461,9417300
2018-11-08,52.209999084472656,52.59000015258789,51.470001220703125,51.58000183105469,47.26282501220703,10936000
2018-11-09,50.70000076293945,51.290000915527344,50.0,50.400001525878906,46.18159103393555,13347100
2018-11-12,50.939998626708984,50.95000076293945,49.349998474121094,49.45000076293945,45.31110382080078,10256900
2018-11-13,49.349998474121094,49.369998931884766,47.25,47.34000015258789,43.377708435058594,19044100
2018-11-14,48.209999084472656,48.880001068115234,47.349998474121094,47.810001373291016,43.80836868286133,17285400
2018-11-15,47.61000061035156,48.380001068115234,47.06999969482422,48.08000183105469,44.0557746887207,16015200
2018-11-16,48.279998779296875,48.75,47.72999954223633,48.220001220703125,44.184051513671875,11775800
2018-11-19,47.970001220703125,49.18000030517578,47.869998931884766,48.310001373291016,44.266517639160156,9449600
2018-11-20,47.5099983215332,47.70000076293945,46.34000015258789,46.900001525878906,42.97453689575195,12276800
2018-11-21,47.599998474121094,48.0,47.189998626708984,47.63999938964844,43.65259552001953,9262500
2018-11-23,46.20000076293945,46.61000061035156,45.79999923706055,46.369998931884766,42.488887786865234,8001400
2018-11-26,47.0099983215332,47.540000915527344,46.279998779296875,46.630001068115234,42.72713088989258,11263600
2018-11-27,46.54999923706055,46.709999084472656,45.540000915527344,46.20000076293945,42.33312225341797,11644400
2018-11-28,46.29999923706055,46.5099983215332,45.2599983215332,46.40999984741211,42.52554702758789,10630200
2018-11-29,46.529998779296875,46.650001525878906,45.81999969482422,45.900001525878906,42.058231353759766,13565000
2018-11-30,45.47999954223633,45.54999923706055,44.68000030517578,45.099998474121094,41.325191497802734,16183600
2018-12-03,46.279998779296875,46.61000061035156,45.79999923706055,46.29999923706055,42.424747467041016,12790700
2018-12-04,45.790000915527344,45.88999938964844,44.02000045776367,44.119998931884766,40.86855697631836,12979400
2018-12-06,42.79999923706055,42.97999954223633,41.869998931884766,42.31999969482422,39.201210021972656,23678300
2018-12-07,43.15999984741211,44.650001525878906,43.0099983215332,43.040000915527344,39.86814880371094,14196900
2018-12-10,41.790000915527344,42.91999816894531,41.02000045776367,41.970001220703125,38.87700271606445,15376600
2018-12-11,42.33000183105469,42.5,40.529998779296875,41.2400016784668,38.2008056640625,19863000
2018-12-12,41.61000061035156,42.540000915527344,41.380001068115234,41.439998626708984,38.38605880737305,13509300
2018-12-13,41.2599983215332,41.36000061035156,40.380001068115234,41.02000045776367,37.997013092041016,15276200
2018-12-14,40.560001373291016,40.59000015258789,38.81999969482422,39.099998474121094,36.218509674072266,18278300
2018-12-17,39.0,39.900001525878906,38.810001373291016,39.04999923706055,36.17219161987305,20140600
2018-12-18,38.97999954223633,39.0,37.66999816894531,37.84000015258789,35.05136489868164,20384400
2018-12-19,37.880001068115234,38.959999084472656,37.310001373291016,37.790000915527344,35.00504684448242,25769400
2018-12-20,37.34000015258789,38.029998779296875,36.060001373291016,36.20000076293945,33.5322265625,24543700
2018-12-21,35.470001220703125,36.68000030517578,35.22999954223633,35.70000076293945,33.06907653808594,30594300
2018-12-24,35.45000076293945,35.880001068115234,35.0,35.189998626708984,32.596656799316406,14037400
2018-12-26,35.40999984741211,36.630001068115234,34.9900016784668,36.61000061035156,33.912010192871094,19950500
2018-12-27,36.099998474121094,36.470001220703125,35.02000045776367,36.33000183105469,33.652645111083984,16779100
2018-12-28,36.52000045776367,37.15999984741211,36.34000015258789,36.599998474121094,33.90274429321289,15785500
2018-12-31,36.65999984741211,36.810001373291016,35.2599983215332,36.08000183105469,33.42106628417969,19349800
2019-01-02,35.4900016784668,37.75,35.34000015258789,37.20000076293945,34.45853042602539,15926100
2019-01-03,37.310001373291016,38.59000015258789,36.86000061035156,37.599998474121094,34.82905197143555,20007900
2019-01-04,38.29999923706055,39.22999954223633,38.029998779296875,39.09000015258789,36.20924758911133,19506600
2019-01-07,39.209999084472656,40.470001220703125,38.95000076293945,40.16999816894531,37.209651947021484,15736900
2019-01-08,40.77000045776367,41.0,40.22999954223633,40.66999816894531,37.67280578613281,13070200
2019-01-09,41.2599983215332,41.619998931884766,40.7400016784668,41.2400016784668,38.2008056640625,17909200
2019-01-10,40.93000030517578,41.84000015258789,40.75,41.650001525878906,38.58059310913086,13299600
2019-01-11,41.11000061035156,41.77000045776367,40.689998626708984,41.7400016784668,38.66395568847656,13330500
2019-01-14,41.099998474121094,41.56999969482422,40.9900016784668,41.31999969482422,38.27490234375,11804200
2019-01-15,41.84000015258789,42.20000076293945,41.43000030517578,41.720001220703125,38.645423889160156,9398400
2019-01-16,41.5,41.7400016784668,41.20000076293945,41.25,38.21006774902344,12481600
2019-01-17,40.88999938964844,41.7400016784668,40.529998779296875,41.369998931884766,38.32122039794922,13889800
2019-01-18,43.849998474121094,44.939998626708984,43.0,44.72999954223633,41.43360137939453,26638600
2019-01-22,43.88999938964844,44.27000045776367,43.31999969482422,43.959999084472656,40.72035217285156,21523500
2019-01-23,44.060001373291016,44.189998626708984,42.709999084472656,43.310001373291016,40.118255615234375,13765800
2019-01-24,43.4900016784668,44.380001068115234,43.189998626708984,43.560001373291016,40.34983444213867,10990900
2019-01-25,44.0,45.04999923706055,43.97999954223633,45.0,41.68370819091797,15921400
2019-01-28,44.27000045776367,44.54999923706055,43.77000045776367,44.2400016784668,40.97971725463867,11225300
2019-01-29,44.68000030517578,44.84000015258789,43.84000015258789,44.0,40.75740051269531,8097500
2019-01-30,44.16999816894531,45.04999923706055,43.939998626708984,45.0,41.68370819091797,7961500
2019-01-31,45.0,45.0099983215332,43.72999954223633,44.209999084472656,40.951927185058594,15458100
2019-02-01,44.400001525878906,44.970001220703125,44.20000076293945,44.560001373291016,41.2761344909668,8583700
2019-02-04,44.220001220703125,44.650001525878906,43.880001068115234,44.599998474121094,41.31317901611328,12786700
2019-02-05,44.599998474121094,45.27000045776367,44.38999938964844,45.13999938964844,41.81338882446289,10662700
2019-02-06,44.970001220703125,45.220001220703125,44.779998779296875,45.06999969482422,41.74855041503906,6945800
2019-02-07,44.689998626708984,44.869998931884766,42.900001525878906,43.459999084472656,40.257198333740234,12647300
2019-02-08,43.31999969482422,43.5,42.22999954223633,42.779998779296875,39.6273078918457,9173500
2019-02-11,42.47999954223633,43.7400016784668,42.459999084472656,43.689998626708984,40.470245361328125,9541800
2019-02-12,43.86000061035156,44.36000061035156,43.7400016784668,44.060001373291016,41.28546905517578,8981100
2019-02-13,44.16999816894531,45.130001068115234,44.06999969482422,44.41999816894531,41.62278747558594,11036100
2019-02-14,44.279998779296875,44.52000045776367,44.119998931884766,44.13999938964844,41.36042022705078,9671200
2019-02-15,44.630001068115234,45.099998474121094,44.470001220703125,44.95000076293945,42.119422912597656,8174900
2019-02-19,44.52000045776367,45.79999923706055,44.439998626708984,45.540000915527344,42.672264099121094,10039200
2019-02-20,45.349998474121094,46.349998474121094,45.349998474121094,45.900001525878906,43.00959777832031,8565600
2019-02-21,45.86000061035156,45.95000076293945,44.599998474121094,44.720001220703125,41.903900146484375,9527400
2019-02-22,45.08000183105469,45.13999938964844,44.189998626708984,44.36000061035156,41.56657028198242,5716500
2019-02-25,44.33000183105469,45.0099983215332,44.25,44.790000915527344,41.96949005126953,6033300
2019-02-26,44.79999923706055,45.150001525878906,44.2599983215332,44.310001373291016,41.51972198486328,5853200
2019-02-27,44.400001525878906,44.779998779296875,44.08000183105469,44.349998474121094,41.55719757080078,7442700
2019-02-28,44.459999084472656,44.540000915527344,43.41999816894531,44.060001373291016,41.28546905517578,8846900
2019-03-01,44.220001220703125,45.189998626708984,44.220001220703125,45.189998626708984,42.344303131103516,8811700
2019-03-04,45.43000030517578,45.65999984741211,44.56999969482422,45.2400016784668,42.39115905761719,6946300
2019-03-05,45.20000076293945,45.27000045776367,44.310001373291016,44.790000915527344,41.96949005126953,7391100
2019-03-06,44.5099983215332,44.709999084472656,43.20000076293945,43.369998931884766,40.638916015625,9948900
2019-03-07,43.41999816894531,43.459999084472656,42.45000076293945,42.4900016784668,39.814327239990234,8086500
2019-03-08,41.72999954223633,41.790000915527344,40.880001068115234,41.290000915527344,38.68989562988281,12739200
2019-03-11,41.790000915527344,42.31999969482422,41.439998626708984,42.08000183105469,39.43014907836914,9494500
2019-03-12,42.150001525878906,42.91999816894531,42.119998931884766,42.59000015258789,39.90802764892578,8230600
2019-03-13,43.0099983215332,43.29999923706055,42.83000183105469,43.150001525878906,40.43276596069336,8822800
2019-03-14,43.150001525878906,43.5,43.04999923706055,43.09000015258789,40.37654495239258,7934400
2019-03-15,42.70000076293945,43.15999984741211,42.34000015258789,42.38999938964844,39.72062301635742,14144900
2019-03-18,42.70000076293945,43.650001525878906,42.470001220703125,43.36000061035156,40.62954330444336,13518800
2019-03-19,43.779998779296875,43.9900016784668,43.09000015258789,43.25,40.526466369628906,8834700
2019-03-20,43.22999954223633,44.599998474121094,43.08000183105469,44.290000915527344,41.5009765625,9512500
2019-03-21,44.11000061035156,44.38999938964844,43.779998779296875,44.220001220703125,41.435386657714844,6168400
2019-03-22,43.75,43.970001220703125,42.310001373291016,42.470001220703125,39.795589447021484,7892200
2019-03-25,41.7599983215332,42.54999923706055,41.720001220703125,42.470001220703125,39.795589447021484,6390000
2019-03-26,42.91999816894531,43.720001220703125,42.77000045776367,43.04999923706055,40.33906173706055,6500500
2019-03-27,43.029998779296875,43.279998779296875,42.38999938964844,42.68000030517578,39.99236297607422,5254400
2019-03-28,42.4900016784668,43.68000030517578,42.33000183105469,43.619998931884766,40.873172760009766,7419800
2019-03-29,44.22999954223633,44.349998474121094,43.220001220703125,43.56999969482422,40.826316833496094,7984800
2019-04-01,43.97999954223633,44.9900016784668,43.720001220703125,44.7599983215332,41.941383361816406,9717800
2019-04-02,44.900001525878906,45.45000076293945,44.349998474121094,44.4900016784668,41.68838882446289,6899400
2019-04-03,44.790000915527344,44.83000183105469,43.38999938964844,43.59000015258789,40.84505844116211,7230600
2019-04-04,43.40999984741211,44.11000061035156,43.060001373291016,44.099998474121094,41.32293701171875,6670900
2019-04-05,44.40999984741211,45.540000915527344,44.2599983215332,45.0,42.16626739501953,9149600
2019-04-08,45.150001525878906,46.2400016784668,45.099998474121094,46.16999816894531,43.26258850097656,11421400
2019-04-09,45.86000061035156,46.040000915527344,45.220001220703125,45.58000183105469,42.709747314453125,7577500
2019-04-10,45.79999923706055,46.0,45.400001525878906,45.54999923706055,42.68163299560547,6148800
2019-04-11,45.54999923706055,45.90999984741211,44.90999984741211,45.310001373291016,42.456748962402344,5291400
2019-04-12,46.0,46.45000076293945,45.58000183105469,45.650001525878906,42.77533721923828,8667000
2019-04-15,45.560001373291016,46.83000183105469,45.25,46.400001525878906,43.478111267089844,11178400
2019-04-16,46.63999938964844,47.54999923706055,46.61000061035156,47.34000015258789,44.358917236328125,7654400
2019-04-17,47.810001373291016,47.959999084472656,47.130001068115234,47.40999984741211,44.42450714111328,8346300
2019-04-18,48.130001068115234,48.880001068115234,45.5099983215332,45.560001373291016,42.69100570678711,15721600
2019-04-22,45.63999938964844,46.18000030517578,45.209999084472656,45.849998474121094,42.962738037109375,7901000
2019-04-23,45.66999816894531,46.09000015258789,45.27000045776367,45.88999938964844,43.00022506713867,8539400
2019-04-24,45.720001220703125,45.810001373291016,44.2400016784668,44.2400016784668,41.454132080078125,8941800
2019-04-25,44.150001525878906,44.189998626708984,43.16999816894531,43.29999923706055,40.57331848144531,9404900
2019-04-26,42.95000076293945,43.470001220703125,42.459999084472656,43.29999923706055,40.57331848144531,8527500
2019-04-29,43.34000015258789,44.369998931884766,43.25,43.43000030517578,40.69513702392578,8927300
2019-04-30,43.86000061035156,43.900001525878906,42.38999938964844,42.68000030517578,39.99236297607422,12163700
2019-05-01,42.630001068115234,42.88999938964844,41.34000015258789,41.369998931884766,38.764854431152344,10523300
2019-05-02,40.97999954223633,41.54999923706055,40.66999816894531,41.119998931884766,38.53059768676758,9108300
2019-05-03,41.560001373291016,41.810001373291016,41.11000061035156,41.279998779296875,38.68052291870117,7184800
2019-05-06,40.84000015258789,41.4900016784668,40.70000076293945,41.2400016784668,38.64303970336914,6571600
2019-05-07,40.7599983215332,40.7599983215332,39.970001220703125,40.599998474121094,38.04334259033203,10438900
2019-05-08,40.52000045776367,40.599998474121094,39.91999816894531,40.27000045776367,37.73412322998047,9237900
2019-05-09,39.91999816894531,40.45000076293945,39.4900016784668,40.27000045776367,37.73412322998047,12928500
2019-05-10,39.900001525878906,40.119998931884766,38.650001525878906,39.560001373291016,37.06884002685547,12810800
2019-05-13,38.880001068115234,39.150001525878906,37.630001068115234,38.15999984741211,35.75699996948242,16732200
2019-05-14,38.4900016784668,39.970001220703125,38.36000061035156,39.0,36.54410171508789,12042900
2019-05-15,38.40999984741211,39.439998626708984,38.400001525878906,39.33000183105469,36.85331726074219,10558400
2019-05-16,39.59000015258789,40.0099983215332,39.470001220703125,39.86000061035156,37.34994125366211,7632500
2019-05-17,39.5,39.75,38.939998626708984,39.02000045776367,36.56283950805664,7252400
2019-05-20,38.83000183105469,39.15999984741211,38.65999984741211,39.119998931884766,36.65654373168945,5922600
2019-05-21,39.290000915527344,39.72999954223633,38.959999084472656,39.5,37.012611389160156,6716300
2019-05-22,39.15999984741211,39.2599983215332,38.0099983215332,38.34000015258789,35.925662994384766,7429900
2019-05-23,37.529998779296875,37.529998779296875,36.79999923706055,37.4900016784668,35.12918472290039,12398900
2019-05-24,37.650001525878906,37.900001525878906,36.93000030517578,37.0,34.670040130615234,7665200
2019-05-28,37.099998474121094,37.130001068115234,36.439998626708984,36.5,34.20153045654297,11869600
2019-05-29,36.0,36.27000045776367,35.459999084472656,36.18000030517578,33.901676177978516,10072100
2019-05-30,36.040000915527344,36.279998779296875,35.119998931884766,35.18000030517578,32.96465301513672,11763600
2019-05-31,34.720001220703125,34.939998626708984,34.459999084472656,34.689998626708984,32.50550842285156,11445600
2019-06-03,34.9900016784668,35.650001525878906,34.83000183105469,35.4900016784668,33.255126953125,9878700
2019-06-04,35.5099983215332,35.97999954223633,35.15999984741211,35.72999954223633,33.958438873291016,8021100
2019-06-05,35.810001373291016,35.849998474121094,34.689998626708984,34.939998626708984,33.207611083984375,9098900
2019-06-06,34.93000030517578,35.56999969482422,34.65999984741211,35.04999923706055,33.31215286254883,12356100
2019-06-07,35.40999984741211,36.150001525878906,35.209999084472656,35.599998474121094,33.83488464355469,12881200
2019-06-10,35.810001373291016,36.220001220703125,35.380001068115234,35.470001220703125,33.71133041381836,12121000
2019-06-11,36.09000015258789,37.02000045776367,35.79999923706055,36.689998626708984,34.8708381652832,12121500
2019-06-12,36.79999923706055,36.79999923706055,35.5,35.58000183105469,33.815879821777344,12258800
2019-06-13,36.18000030517578,36.959999084472656,35.91999816894531,36.790000915527344,34.96588134765625,14336200
2019-06-14,36.66999816894531,36.70000076293945,35.63999938964844,35.93000030517578,34.148521423339844,11571500
2019-06-17,35.77000045776367,36.72999954223633,35.689998626708984,36.65999984741211,34.84232711791992,7574600
2019-06-18,36.689998626708984,37.380001068115234,36.540000915527344,36.93000030517578,35.098941802978516,10127400
2019-06-19,37.099998474121094,37.130001068115234,36.310001373291016,36.5099983215332,34.699764251708984,10273200
2019-06-20,37.38999938964844,38.349998474121094,37.279998779296875,38.25,36.353492736816406,13067900
2019-06-21,38.36000061035156,38.90999984741211,38.08000183105469,38.880001068115234,36.9522590637207,16111400
2019-06-24,38.70000076293945,39.18000030517578,38.41999816894531,38.650001525878906,36.73366165161133,9348100
2019-06-25,38.58000183105469,38.7400016784668,38.099998474121094,38.58000183105469,36.66713333129883,7969100
2019-06-26,39.029998779296875,39.75,38.7599983215332,39.02000045776367,37.0853157043457,8362900
2019-06-27,39.18000030517578,39.349998474121094,38.849998474121094,39.11000061035156,37.17085266113281,6417500
2019-06-28,39.22999954223633,39.779998779296875,39.189998626708984,39.7400016784668,37.76961898803711,9742700
2019-07-01,40.41999816894531,40.630001068115234,39.2599983215332,39.31999969482422,37.37043762207031,13081000
2019-07-02,39.439998626708984,39.439998626708984,38.630001068115234,39.18000030517578,37.23738098144531,8732500
2019-07-03,39.13999938964844,39.5099983215332,38.900001525878906,39.4900016784668,37.532012939453125,4954500
2019-07-05,39.20000076293945,39.599998474121094,39.08000183105469,39.56999969482422,37.60804748535156,5885500
2019-07-08,39.43000030517578,40.099998474121094,39.279998779296875,39.88999938964844,37.912174224853516,10899100
2019-07-09,39.779998779296875,40.220001220703125,39.54999923706055,40.20000076293945,38.20681381225586,8699200
2019-07-10,40.61000061035156,40.88999938964844,40.290000915527344,40.619998931884766,38.60598373413086,7003300
2019-07-11,40.599998474121094,41.0,40.06999969482422,40.970001220703125,38.938629150390625,9695200
2019-07-12,41.11000061035156,41.400001525878906,40.70000076293945,40.810001373291016,38.78656768798828,6788100
2019-07-15,40.849998474121094,41.0,40.34000015258789,40.470001220703125,38.46342468261719,6903800
2019-07-16,40.349998474121094,40.7599983215332,39.880001068115234,40.06999969482422,38.083251953125,9257000
2019-07-17,39.81999969482422,40.06999969482422,38.54999923706055,38.630001068115234,36.71465301513672,12523600
2019-07-18,38.189998626708984,38.779998779296875,37.959999084472656,38.779998779296875,36.85721206665039,13566200
2019-07-19,39.34000015258789,39.34000015258789,37.290000915527344,38.709999084472656,36.79068374633789,12811700
2019-07-22,39.119998931884766,39.7599983215332,38.619998931884766,39.4900016784668,37.532012939453125,10961200
2019-07-23,39.54999923706055,40.16999816894531,39.25,39.75,37.77912139892578,10610500
2019-07-24,39.63999938964844,40.689998626708984,39.58000183105469,40.33000183105469,38.33036804199219,10763300
2019-07-25,40.59000015258789,40.59000015258789,39.560001373291016,39.95000076293945,37.969207763671875,7701100
2019-07-26,39.900001525878906,40.310001373291016,39.68000030517578,40.0099983215332,38.02622985839844,6731100
2019-07-29,39.9900016784668,40.0,38.650001525878906,39.209999084472656,37.265892028808594,6549500
2019-07-30,38.9900016784668,39.7599983215332,38.59000015258789,39.54999923706055,37.58903884887695,9256500
2019-07-31,39.66999816894531,40.61000061035156,39.310001373291016,39.970001220703125,37.98821258544922,10673300
2019-08-01,39.380001068115234,39.45000076293945,38.06999969482422,38.5099983215332,36.6005973815918,13280000
2019-08-02,38.5099983215332,38.72999954223633,37.189998626708984,37.41999816894531,35.564640045166016,8738200
2019-08-05,36.689998626708984,36.79999923706055,35.900001525878906,35.9900016784668,34.20554733276367,10771600
2019-08-06,36.130001068115234,36.38999938964844,34.709999084472656,35.459999084472656,33.70182418823242,11639900
2019-08-07,34.619998931884766,35.0099983215332,33.939998626708984,34.7400016784668,33.01752853393555,12162700
2019-08-08,34.939998626708984,35.22999954223633,34.36000061035156,35.209999084472656,33.46421813964844,10805500
2019-08-09,35.209999084472656,35.290000915527344,34.25,34.529998779296875,32.817935943603516,7866600
2019-08-12,34.369998931884766,34.529998779296875,34.02000045776367,34.27000045776367,32.57082748413086,7506600
2019-08-13,34.099998474121094,35.7599983215332,33.86000061035156,34.630001068115234,32.91297912597656,11075400
2019-08-14,33.77000045776367,33.810001373291016,32.20000076293945,32.34000015258789,30.736522674560547,12761500
2019-08-15,32.099998474121094,32.150001525878906,31.110000610351562,31.649999618530273,30.080734252929688,20155700
2019-08-16,31.639999389648438,32.779998779296875,31.600000381469727,32.720001220703125,31.09768295288086,13561300
2019-08-19,33.529998779296875,34.31999969482422,33.439998626708984,34.099998474121094,32.40925598144531,11073600
2019-08-20,33.810001373291016,34.16999816894531,33.540000915527344,33.900001525878906,32.21917724609375,7770100
2019-08-21,34.2400016784668,34.43000030517578,33.619998931884766,33.689998626708984,32.01958465576172,6427200
2019-08-22,33.959999084472656,34.369998931884766,33.66999816894531,33.709999084472656,32.03859329223633,6975600
2019-08-23,33.150001525878906,33.33000183105469,31.899999618530273,32.029998779296875,30.441890716552734,13952100
2019-08-26,32.5099983215332,32.63999938964844,31.34000015258789,31.59000015258789,30.02370834350586,11611200
2019-08-27,31.93000030517578,32.0099983215332,31.149999618530273,31.25,29.7005672454834,10000600
2019-08-28,31.3799991607666,32.099998474121094,31.030000686645508,31.6200008392334,30.052223205566406,11557000
2019-08-29,31.969999313354492,32.689998626708984,31.84000015258789,32.2599983215332,30.66048812866211,12614300
2019-08-30,32.5,33.119998931884766,32.130001068115234,32.43000030517578,30.822057723999023,12443800
2019-09-03,31.18000030517578,31.860000610351562,31.110000610351562,31.719999313354492,30.619346618652344,9366900
2019-09-04,32.279998779296875,33.43000030517578,31.940000534057617,32.97999954223633,31.83562660217285,11018400
2019-09-05,33.369998931884766,34.79999923706055,33.279998779296875,34.060001373291016,32.87814712524414,12117900
2019-09-06,33.79999923706055,34.47999954223633,33.2599983215332,34.20000076293945,33.0132942199707,11976700
2019-09-09,34.5,36.459999084472656,34.33000183105469,36.22999954223633,34.97285461425781,13461600
2019-09-10,37.04999923706055,38.38999938964844,36.83000183105469,37.459999084472656,36.16017150878906,19638200
2019-09-11,37.63999938964844,38.83000183105469,37.08000183105469,37.31999969482422,36.025028228759766,17918600
2019-09-12,36.529998779296875,37.060001373291016,35.5,36.900001525878906,35.619606018066406,13089500
2019-09-13,37.43000030517578,38.08000183105469,36.79999923706055,37.33000183105469,36.03468704223633,8453300
2019-09-16,40.029998779296875,40.25,38.84000015258789,39.310001373291016,37.94598388671875,22533100
2019-09-17,38.91999816894531,38.970001220703125,37.5099983215332,38.16999816894531,36.84553527832031,13493400
2019-09-18,37.630001068115234,38.439998626708984,37.540000915527344,38.029998779296875,36.710391998291016,6949000
2019-09-19,38.5,38.58000183105469,37.63999938964844,37.7599983215332,36.44976043701172,6234900
2019-09-20,37.880001068115234,38.04999923706055,37.16999816894531,37.29999923706055,36.0057258605957,17917800
2019-09-23,36.810001373291016,37.5,36.599998474121094,37.33000183105469,36.03468704223633,5849400
2019-09-24,37.130001068115234,37.220001220703125,35.41999816894531,35.560001373291016,34.32610321044922,12212700
2019-09-25,35.29999923706055,35.54999923706055,34.83000183105469,35.2400016784668,34.01720428466797,11344800
2019-09-26,35.0,35.099998474121094,34.290000915527344,34.540000915527344,33.341495513916016,12359300
2019-09-27,34.2599983215332,34.93000030517578,34.11000061035156,34.33000183105469,33.1387825012207,9969900
2019-09-30,34.150001525878906,34.470001220703125,33.810001373291016,34.16999816894531,32.98432922363281,9583500
2019-10-01,34.36000061035156,34.56999969482422,32.66999816894531,32.70000076293945,31.56534194946289,12617900
2019-10-02,32.63999938964844,32.75,31.649999618530273,31.760000228881836,30.657958984375,13468900
2019-10-03,31.59000015258789,32.310001373291016,31.459999084472656,32.04999923706055,30.937894821166992,11557200
2019-10-04,32.08000183105469,32.40999984741211,31.690000534057617,31.8799991607666,30.773794174194336,10554400
2019-10-07,32.11000061035156,32.619998931884766,31.790000915527344,31.799999237060547,30.696569442749023,15854500
2019-10-08,31.489999771118164,31.860000610351562,30.649999618530273,30.709999084472656,29.644392013549805,16807100
2019-10-09,30.940000534057617,31.15999984741211,30.719999313354492,30.899999618530273,29.82779884338379,12176900
2019-10-10,31.010000228881836,31.389999389648438,30.709999084472656,31.06999969482422,29.991899490356445,12784900
2019-10-11,31.5,32.91999816894531,31.270000457763672,32.47999954223633,31.35297203063965,12652600
2019-10-14,31.989999771118164,32.83000183105469,31.739999771118164,32.56999969482422,31.439851760864258,9294400
2019-10-15,32.470001220703125,33.5099983215332,32.36000061035156,32.810001373291016,31.671524047851562,8943600
2019-10-16,32.79999923706055,33.06999969482422,31.950000762939453,31.950000762939453,30.841365814208984,22004600
2019-10-17,32.220001220703125,32.310001373291016,31.770000457763672,31.889999389648438,30.783445358276367,15730800
2019-10-18,32.189998626708984,33.20000076293945,32.09000015258789,32.310001373291016,31.188875198364258,17218300
2019-10-21,32.220001220703125,33.79999923706055,32.220001220703125,33.59000015258789,32.424461364746094,16441100
2019-10-22,33.7599983215332,35.189998626708984,33.459999084472656,34.81999969482422,33.61177444458008,17598700
2019-10-23,34.56999969482422,35.650001525878906,34.220001220703125,35.33000183105469,34.10408401489258,12862300
2019-10-24,35.400001525878906,35.52000045776367,34.279998779296875,35.11000061035156,33.89171600341797,11551700
2019-10-25,35.0,35.310001373291016,34.59000015258789,35.09000015258789,33.87240982055664,12385700
2019-10-28,35.38999938964844,35.560001373291016,34.810001373291016,35.02000045776367,33.804840087890625,12727500
2019-10-29,34.75,35.0099983215332,34.20000076293945,34.790000915527344,33.582820892333984,10309100
2019-10-30,34.65999984741211,34.75,33.0,33.099998474121094,31.95146369934082,13940300
2019-10-31,33.119998931884766,33.119998931884766,32.349998474121094,32.689998626708984,31.555686950683594,10079200
2019-11-01,33.04999923706055,34.529998779296875,32.970001220703125,34.439998626708984,33.24496078491211,11094400
2019-11-04,34.900001525878906,36.459999084472656,34.779998779296875,36.2400016784668,34.982505798339844,14206000
2019-11-05,36.43000030517578,37.06999969482422,36.41999816894531,36.720001220703125,35.44585418701172,15720300
2019-11-06,36.599998474121094,36.720001220703125,35.33000183105469,35.560001373291016,34.32610321044922,10647900
2019-11-07,36.13999938964844,36.779998779296875,35.81999969482422,36.08000183105469,34.828060150146484,8832400
2019-11-08,35.7599983215332,36.5099983215332,35.02000045776367,36.34000015258789,35.07904052734375,8382200
2019-11-11,35.75,36.5,35.310001373291016,36.40999984741211,35.1466064453125,8804100
2019-11-12,36.5,37.20000076293945,36.029998779296875,36.209999084472656,34.953548431396484,11652100
2019-11-13,36.0,36.060001373291016,34.97999954223633,35.029998779296875,33.81448745727539,9728100
2019-11-14,34.959999084472656,35.349998474121094,34.5,34.709999084472656,33.505592346191406,14068000
2019-11-15,34.939998626708984,35.720001220703125,34.93000030517578,35.36000061035156,34.13304138183594,9017400
2019-11-18,34.97999954223633,35.0,34.13999938964844,34.689998626708984,33.486289978027344,11671500
2019-11-19,34.52000045776367,34.68000030517578,34.040000915527344,34.310001373291016,33.119476318359375,10174100
2019-11-20,34.36000061035156,36.22999954223633,34.13999938964844,36.13999938964844,34.8859748840332,15805500
2019-11-21,36.41999816894531,36.91999816894531,36.040000915527344,36.619998931884766,35.34931945800781,11451700
2019-11-22,36.70000076293945,37.09000015258789,36.2400016784668,36.61000061035156,35.33966827392578,7515000
2019-11-25,36.29999923706055,37.20000076293945,36.029998779296875,37.08000183105469,35.79336166381836,8711700
2019-11-26,36.97999954223633,37.220001220703125,36.220001220703125,36.38999938964844,35.12730026245117,9578300
2019-11-27,36.40999984741211,36.939998626708984,36.130001068115234,36.77000045776367,35.494117736816406,6538200
2019-11-29,36.279998779296875,36.47999954223633,35.91999816894531,36.20000076293945,34.94389724731445,5445400
2019-12-02,36.45000076293945,37.02000045776367,36.33000183105469,36.36000061035156,35.09834289550781,8583000
2019-12-03,35.15999984741211,35.38999938964844,34.52000045776367,34.9900016784668,34.246822357177734,10351800
2019-12-04,35.47999954223633,36.36000061035156,35.279998779296875,36.189998626708984,35.42133331298828,9780100
2019-12-05,36.400001525878906,36.470001220703125,35.560001373291016,35.849998474121094,35.08855438232422,6836700
2019-12-06,36.060001373291016,37.029998779296875,36.0099983215332,36.88999938964844,36.10646438598633,8525400
2019-12-09,36.540000915527344,37.459999084472656,36.540000915527344,37.15999984741211,36.370731353759766,8713500
2019-12-10,37.22999954223633,37.47999954223633,36.709999084472656,37.34000015258789,36.54690933227539,9497000
2019-12-11,37.5,38.5,37.47999954223633,38.400001525878906,37.58439636230469,15742800
2019-12-12,38.41999816894531,39.63999938964844,38.33000183105469,39.06999969482422,38.24016189575195,13609000
2019-12-13,39.349998474121094,39.5099983215332,38.54999923706055,39.0,38.171653747558594,11981100
2019-12-16,39.11000061035156,39.84000015258789,39.11000061035156,39.400001525878906,38.56315612792969,12149000
2019-12-17,39.5,39.91999816894531,39.29999923706055,39.459999084472656,38.62187957763672,9658500
2019-12-18,39.20000076293945,40.0,38.970001220703125,39.619998931884766,38.778480529785156,9204400
2019-12-19,39.59000015258789,39.83000183105469,39.47999954223633,39.61000061035156,38.76869583129883,7048600
2019-12-20,39.93000030517578,39.970001220703125,39.18000030517578,39.43000030517578,38.5925178527832,13465800
2019-12-23,39.439998626708984,40.88999938964844,39.43000030517578,40.790000915527344,39.92362976074219,9911300
2019-12-24,40.7400016784668,40.93000030517578,40.349998474121094,40.650001525878906,39.78660583496094,3860400
2019-12-26,40.86000061035156,40.880001068115234,39.93000030517578,40.06999969482422,39.21892547607422,7629700
2019-12-27,40.130001068115234,40.380001068115234,39.83000183105469,40.0,39.15040969848633,6769100
2019-12-30,40.0099983215332,40.75,40.0,40.400001525878906,39.54191589355469,8155800
2019-12-31,40.0099983215332,40.220001220703125,39.529998779296875,40.20000076293945,39.34616470336914,10649000
2020-01-02,40.52000045776367,40.720001220703125,40.08000183105469,40.16999816894531,39.31679916381836,9147400
2020-01-03,41.0,41.13999938964844,40.0,40.560001373291016,39.698516845703125,9752000
2020-01-06,40.61000061035156,41.08000183105469,40.189998626708984,40.81999969482422,39.95299530029297,15534100
2020-01-07,40.529998779296875,40.61000061035156,39.72999954223633,40.61000061035156,39.74745559692383,10971700
2020-01-08,40.279998779296875,40.439998626708984,39.310001373291016,39.40999984741211,38.572940826416016,11327600
2020-01-09,39.52000045776367,40.09000015258789,38.72999954223633,39.86000061035156,39.01338577270508,12186000
2020-01-10,39.72999954223633,40.09000015258789,39.5099983215332,39.83000183105469,38.9840202331543,8089700
2020-01-13,39.83000183105469,39.84000015258789,38.970001220703125,39.22999954223633,38.396766662597656,11665600
2020-01-14,38.97999954223633,39.529998779296875,38.38999938964844,39.529998779296875,38.690391540527344,13958700
2020-01-15,39.20000076293945,39.36000061035156,38.13999938964844,38.33000183105469,37.5158805847168,13737700
2020-01-16,38.56999969482422,38.93000030517578,38.349998474121094,38.779998779296875,37.956321716308594,11771100
2020-01-17,39.0099983215332,39.970001220703125,38.18000030517578,38.369998931884766,37.55502700805664,17644600
2020-01-21,37.630001068115234,37.72999954223633,36.88999938964844,36.95000076293945,36.165191650390625,16710200
2020-01-22,36.79999923706055,36.81999969482422,36.22999954223633,36.68000030517578,35.90092468261719,12790000
2020-01-23,36.06999969482422,36.529998779296875,35.56999969482422,36.43000030517578,35.65623474121094,11844000
2020-01-24,36.220001220703125,36.220001220703125,35.349998474121094,35.77000045776367,35.010257720947266,10408600
2020-01-27,34.54999923706055,34.7400016784668,33.869998931884766,33.959999084472656,33.23869705200195,17360600
2020-01-28,34.220001220703125,34.22999954223633,33.4900016784668,33.959999084472656,33.23869705200195,10938000
2020-01-29,34.29999923706055,34.630001068115234,33.720001220703125,33.72999954223633,33.01358413696289,9003800
2020-01-30,33.13999938964844,34.08000183105469,33.0,34.040000915527344,33.31700134277344,10489600
2020-01-31,33.4900016784668,33.86000061035156,33.18000030517578,33.5099983215332,32.798255920410156,16887900
2020-02-03,33.439998626708984,33.70000076293945,33.189998626708984,33.459999084472656,32.74931716918945,9205600
2020-02-04,34.22999954223633,34.72999954223633,33.95000076293945,34.06999969482422,33.34635925292969,12373600
2020-02-05,34.77000045776367,35.65999984741211,34.72999954223633,35.06999969482422,34.32512283325195,11399900
2020-02-06,35.220001220703125,35.220001220703125,34.41999816894531,34.5099983215332,33.77701187133789,7980300
2020-02-07,34.0,34.7599983215332,33.880001068115234,34.41999816894531,33.688926696777344,8582100
2020-02-10,34.119998931884766,34.369998931884766,33.810001373291016,34.349998474121094,33.62041473388672,7197400
2020-02-11,34.150001525878906,34.349998474121094,33.869998931884766,34.290000915527344,34.057430267333984,8825600
2020-02-12,35.220001220703125,35.380001068115234,34.439998626708984,35.04999923706055,34.81227493286133,9094900
2020-02-13,34.84000015258789,35.02000045776367,33.970001220703125,34.66999816894531,34.434852600097656,11718000
2020-02-14,34.810001373291016,34.869998931884766,34.13999938964844,34.41999816894531,34.186546325683594,7904500
2020-02-18,33.900001525878906,33.9900016784668,32.880001068115234,33.650001525878906,33.42177200317383,11792800
2020-02-19,33.880001068115234,34.34000015258789,33.63999938964844,34.290000915527344,34.057430267333984,6592300
2020-02-20,34.4900016784668,34.709999084472656,33.779998779296875,33.83000183105469,33.60055160522461,7836000
2020-02-21,33.470001220703125,33.54999923706055,32.869998931884766,33.38999938964844,33.163536071777344,7246300
2020-02-24,31.889999389648438,31.989999771118164,30.809999465942383,30.93000030517578,30.7202205657959,16714900
2020-02-25,30.989999771118164,31.049999237060547,29.219999313354492,29.34000015258789,29.14100456237793,18709700
2020-02-26,29.59000015258789,29.739999771118164,28.3799991607666,28.3799991607666,28.18751335144043,19240700
2020-02-27,27.530000686645508,28.280000686645508,26.81999969482422,26.84000015258789,26.657960891723633,23762100
2020-02-28,25.809999465942383,27.15999984741211,25.450000762939453,27.09000015258789,26.906265258789062,26832500
2020-03-02,27.649999618530273,27.790000915527344,26.170000076293945,27.790000915527344,27.601516723632812,23253000
2020-03-03,27.6200008392334,27.90999984741211,26.270000457763672,26.809999465942383,26.628162384033203,22020400
2020-03-04,27.209999084472656,27.3799991607666,26.260000228881836,27.079999923706055,26.896331787109375,16155900
2020-03-05,26.1299991607666,26.25,25.239999771118164,25.829999923706055,25.654809951782227,15754600
2020-03-06,24.8799991607666,25.15999984741211,23.520000457763672,23.850000381469727,23.68824005126953,23793200
2020-03-09,17.899999618530273,17.899999618530273,12.90999984741211,17.309999465942383,17.192596435546875,86148000
2020-03-10,19.139999389648438,19.229999542236328,17.1299991607666,18.190000534057617,18.066627502441406,40409000
2020-03-11,17.31999969482422,18.139999389648438,17.049999237060547,17.3799991607666,17.262121200561523,33291900
2020-03-12,15.619999885559082,16.690000534057617,14.40999984741211,14.420000076293945,14.322197914123535,47922900
2020-03-13,15.720000267028809,16.170000076293945,14.319999694824219,16.15999984741211,16.050395965576172,29182100
2020-03-16,14.020000457763672,16.040000915527344,13.260000228881836,14.40999984741211,14.312265396118164,24971100
2020-03-17,14.539999961853027,14.5600004196167,13.109999656677246,14.0,13.905046463012695,25536500
2020-03-18,13.0,13.720000267028809,11.890000343322754,12.050000190734863,11.96827220916748,28198200
2020-03-19,12.170000076293945,14.279999732971191,11.869999885559082,13.869999885559082,13.775927543640137,25449300
2020-03-20,14.300000190734863,14.579999923706055,13.100000381469727,14.279999732971191,14.183146476745605,32875200
2020-03-23,14.170000076293945,14.430000305175781,12.600000381469727,12.829999923706055,12.742981910705566,24393500
2020-03-24,13.539999961853027,14.930000305175781,13.5,14.649999618530273,14.550637245178223,25812600
2020-03-25,14.989999771118164,15.869999885559082,13.579999923706055,14.600000381469727,14.500977516174316,24201200
2020-03-26,14.510000228881836,15.640000343322754,14.380000114440918,15.520000457763672,15.414737701416016,22180200
2020-03-27,14.539999961853027,14.699999809265137,13.739999771118164,13.760000228881836,13.666674613952637,21794500
2020-03-30,13.350000381469727,13.6899995803833,12.949999809265137,13.279999732971191,13.189929008483887,25981500
2020-03-31,13.880000114440918,13.890000343322754,13.300000190734863,13.489999771118164,13.398505210876465,25754200
2020-04-01,13.09000015258789,13.1899995803833,12.170000076293945,12.59000015258789,12.504609107971191,25393800
2020-04-02,13.100000381469727,14.989999771118164,12.949999809265137,13.880000114440918,13.785860061645508,33976500
2020-04-03,14.479999542236328,14.600000381469727,13.779999732971191,14.289999961853027,14.193078994750977,24822900
2020-04-06,14.960000038146973,15.819999694824219,14.529999732971191,15.670000076293945,15.563719749450684,24572200
2020-04-07,16.93000030517578,17.700000762939453,16.25,16.469999313354492,16.358293533325195,29091500
2020-04-08,16.899999618530273,17.389999389648438,16.43000030517578,17.280000686645508,17.162799835205078,16039000
2020-04-09,18.3799991607666,18.600000381469727,15.880000114440918,16.469999313354492,16.358293533325195,25107500
2020-04-13,16.6200008392334,16.81999969482422,15.699999809265137,15.949999809265137,15.84182071685791,16740700
2020-04-14,16.0,16.450000762939453,15.449999809265137,15.539999961853027,15.434600830078125,20214400
2020-04-15,14.670000076293945,14.979999542236328,14.020000457763672,14.729999542236328,14.630094528198242,22681400
2020-04-16,14.640000343322754,14.789999961853027,13.960000038146973,14.050000190734863,13.954707145690918,18242900
2020-04-17,14.720000267028809,15.399999618530273,14.199999809265137,15.279999732971191,15.17636489868164,33939700
2020-04-20,14.069999694824219,15.739999771118164,14.010000228881836,15.210000038146973,15.106839179992676,21290600
2020-04-21,14.84000015258789,15.619999885559082,14.369999885559082,14.6899995803833,14.59036636352539,22926600
2020-04-22,15.460000038146973,16.040000915527344,14.9399995803833,15.34000015258789,15.235958099365234,20604000
2020-04-23,15.850000381469727,16.850000381469727,15.75,16.520000457763672,16.407955169677734,20619600
2020-04-24,16.850000381469727,17.399999618530273,15.979999542236328,16.110000610351562,16.000736236572266,22714200
2020-04-27,15.75,16.389999389648438,15.180000305175781,16.049999237060547,15.941141128540039,17717100
2020-04-28,16.399999618530273,16.65999984741211,15.899999618530273,16.149999618530273,16.040464401245117,18234000
2020-04-29,16.950000762939453,18.25,16.770000457763672,18.200000762939453,18.076560974121094,19406700
2020-04-30,18.25,18.25,16.670000076293945,16.81999969482422,16.70591926574707,25778200
2020-05-01,16.31999969482422,16.649999618530273,15.510000228881836,15.75,15.643177032470703,18752100
2020-05-04,15.260000228881836,16.260000228881836,15.109999656677246,16.229999542236328,16.11992073059082,23079600
2020-05-05,16.969999313354492,17.329999923706055,16.1200008392334,16.25,16.139785766601562,15936300
2020-05-06,16.239999771118164,16.559999465942383,15.8100004196167,15.819999694824219,15.712701797485352,8990700
2020-05-07,16.309999465942383,17.049999237060547,16.290000915527344,16.729999542236328,16.61652946472168,14609800
2020-05-08,17.1200008392334,18.100000381469727,17.09000015258789,18.049999237060547,17.927576065063477,16423600
2020-05-11,17.700000762939453,17.940000534057617,17.110000610351562,17.360000610351562,17.242258071899414,12661300
2020-05-12,17.5,17.81999969482422,16.899999618530273,17.079999923706055,16.964157104492188,14169600
2020-05-13,16.8700008392334,16.959999084472656,15.75,15.850000381469727,15.742499351501465,15827300
2020-05-14,15.5,16.530000686645508,15.140000343322754,16.100000381469727,15.990803718566895,13323200
2020-05-15,15.979999542236328,16.510000228881836,15.829999923706055,15.949999809265137,15.84182071685791,10347800
2020-05-18,17.040000915527344,18.09000015258789,17.0,17.950000762939453,17.828256607055664,22665400
2020-05-19,17.809999465942383,17.860000610351562,17.049999237060547,17.110000610351562,16.993953704833984,12776600
2020-05-20,17.469999313354492,18.25,17.299999237060547,18.209999084472656,18.086490631103516,14142800
2020-05-21,18.219999313354492,18.5,17.540000915527344,17.790000915527344,17.669342041015625,17533800
2020-05-22,17.56999969482422,17.719999313354492,17.09000015258789,17.579999923706055,17.460765838623047,9974700
2020-05-26,18.309999465942383,18.670000076293945,18.170000076293945,18.399999618530273,18.275203704833984,11760900
2020-05-27,18.889999389648438,19.270000457763672,18.190000534057617,19.049999237060547,18.920793533325195,13778600
2020-05-28,19.139999389648438,19.360000610351562,18.639999389648438,18.790000915527344,18.662559509277344,10372900
2020-05-29,18.549999237060547,18.729999542236328,17.790000915527344,18.469999313354492,18.344728469848633,21019700
2020-06-01,18.510000228881836,18.860000610351562,18.239999771118164,18.43000030517578,18.30500030517578,10251700
2020-06-02,18.5,19.040000915527344,18.459999084472656,18.860000610351562,18.860000610351562,16286900
2020-06-03,19.329999923706055,19.709999084472656,19.09000015258789,19.610000610351562,19.610000610351562,13986600
2020-06-04,19.6299991607666,20.610000610351562,19.360000610351562,20.329999923706055,20.329999923706055,20361300
2020-06-05,22.329999923706055,23.09000015258789,21.56999969482422,21.989999771118164,21.989999771118164,26486400
2020-06-08,23.3700008392334,23.739999771118164,22.540000915527344,23.649999618530273,23.649999618530273,21082500
2020-06-09,22.559999465942383,22.8799991607666,21.709999084472656,22.510000228881836,22.510000228881836,17914700
2020-06-10,21.979999542236328,22.059999465942383,20.940000534057617,20.959999084472656,20.959999084472656,16602500
2020-06-11,19.1200008392334,19.719999313354492,18.450000762939453,18.510000228881836,18.510000228881836,19638300
2020-06-12,19.56999969482422,19.81999969482422,18.440000534057617,19.0,19.0,14644600
2020-06-15,17.979999542236328,19.610000610351562,17.709999084472656,19.31999969482422,19.31999969482422,12742000
2020-06-16,20.579999923706055,20.670000076293945,19.170000076293945,19.549999237060547,19.549999237060547,17831200
2020-06-17,19.510000228881836,20.040000915527344,19.270000457763672,19.829999923706055,19.829999923706055,15813100
2020-06-18,19.309999465942383,20.229999542236328,19.190000534057617,20.18000030517578,20.18000030517578,15867700
2020-06-19,20.940000534057617,20.959999084472656,19.450000762939453,19.709999084472656,19.709999084472656,22249100
2020-06-22,19.479999542236328,20.0,19.360000610351562,19.81999969482422,19.81999969482422,9110100
2020-06-23,19.969999313354492,20.1299991607666,19.440000534057617,19.56999969482422,19.56999969482422,18440100
2020-06-24,19.09000015258789,19.200000762939453,17.850000381469727,17.860000610351562,17.860000610351562,17967800
2020-06-25,17.639999389648438,18.59000015258789,17.5,18.420000076293945,18.420000076293945,18885600
2020-06-26,18.18000030517578,18.190000534057617,17.299999237060547,17.440000534057617,17.440000534057617,18480300
2020-06-29,17.6299991607666,18.290000915527344,17.459999084472656,18.010000228881836,18.010000228881836,14061300
2020-06-30,17.780000686645508,18.510000228881836,17.59000015258789,18.389999389648438,18.389999389648438,18613000
2020-07-01,18.5,18.780000686645508,17.700000762939453,17.719999313354492,17.719999313354492,13923300
2020-07-02,18.18000030517578,18.489999771118164,17.899999618530273,17.979999542236328,17.979999542236328,10301000
2020-07-06,18.469999313354492,18.93000030517578,18.309999465942383,18.75,18.75,11469600
2020-07-07,18.6299991607666,18.6299991607666,18.139999389648438,18.18000030517578,18.18000030517578,9742500
2020-07-08,18.200000762939453,18.610000610351562,17.940000534057617,18.06999969482422,18.06999969482422,10031300
2020-07-09,18.0,18.239999771118164,17.09000015258789,17.1299991607666,17.1299991607666,12015300
2020-07-10,17.09000015258789,17.81999969482422,16.959999084472656,17.790000915527344,17.790000915527344,9806200
2020-07-13,17.989999771118164,18.0,17.350000381469727,17.3799991607666,17.3799991607666,10945400
2020-07-14,17.270000457763672,18.440000534057617,17.1200008392334,18.389999389648438,18.389999389648438,13525000
2020-07-15,19.0,19.270000457763672,18.549999237060547,18.899999618530273,18.899999618530273,13852400
2020-07-16,18.760000228881836,19.219999313354492,18.530000686645508,18.81999969482422,18.81999969482422,9806100
2020-07-17,18.959999084472656,19.18000030517578,18.450000762939453,18.6200008392334,18.6200008392334,8818600
2020-07-20,18.600000381469727,18.950000762939453,18.389999389648438,18.440000534057617,18.440000534057617,13673700
